2.249599587040795,0.7500165608831428,1.3842208612612847,0.48470440086718614,"[1.83335876e-33 1.99665629e-27 5.42680243e-17 2.22243916e-11
 2.11938393e-01 7.28191249e-02 4.30484964e-01 7.28191249e-02
 2.11938393e-01 2.22243916e-11 5.42680243e-17 1.99665629e-27
 1.83335876e-33]","[1.05921622e-47 3.38237929e-35 2.79631760e-23 4.30233425e-13
 1.56306890e-03 7.28191249e-02 8.51235612e-01 7.28191249e-02
 1.56306890e-03 4.30233425e-13 2.79631760e-23 3.38237929e-35
 1.05921658e-47]","[[1.05921622e-47 1.69118964e-35 6.60519471e-24 5.85259693e-23
  1.29686987e-22 9.98328143e-28 1.83335876e-33]
 [1.69118964e-35 1.47527865e-23 2.15116712e-13 3.50174381e-12
  1.11121958e-11 5.42677650e-17 9.98328143e-28]
 [6.60519471e-24 2.15116712e-13 1.56306889e-03 3.64095625e-02
  2.11938393e-01 1.11121958e-11 1.29686987e-22]
 [5.85259693e-23 3.50174381e-12 3.64095625e-02 4.27358826e-01
  3.64095625e-02 3.50174381e-12 5.85259693e-23]
 [1.29686987e-22 1.11121958e-11 2.11938393e-01 3.64095625e-02
  1.56306889e-03 2.15116712e-13 6.60519471e-24]
 [9.98328143e-28 5.42677650e-17 1.11121958e-11 3.50174381e-12
  2.15116712e-13 1.47527865e-23 1.69118965e-35]
 [1.83335876e-33 9.98328143e-28 1.29686987e-22 5.85259693e-23
  6.60519471e-24 1.69118965e-35 1.05921658e-47]]","[1.39036679e-17 2.90449296e-14 3.32844167e-09 3.06663741e-06
 1.49493947e-01 1.75268239e-01 3.50469488e-01 1.75268239e-01
 1.49493947e-01 3.06663741e-06 3.32844167e-09 2.90449296e-14
 1.39036679e-17]","[1.05681256e-24 3.77702609e-18 3.65690441e-12 4.26030197e-07
 1.28436974e-02 1.75270880e-01 6.23769993e-01 1.75270880e-01
 1.28436974e-02 4.26030197e-07 3.65690441e-12 3.77702609e-18
 1.05681275e-24]","[[1.05681256e-24 1.88851304e-18 8.34561292e-13 3.51635055e-12
  3.71148053e-12 1.45224648e-14 1.39036679e-17]
 [1.88851304e-18 1.98778182e-12 2.13011582e-07 1.17974896e-06
  1.53331519e-06 3.32101871e-09 1.45224648e-14]
 [8.34561292e-13 2.13011582e-07 1.28413379e-02 8.76339066e-02
  1.49491587e-01 1.53331519e-06 3.71148053e-12]
 [3.51635055e-12 1.17974896e-06 8.76339066e-02 3.24786812e-01
  8.76339066e-02 1.17974896e-06 3.51635055e-12]
 [3.71148053e-12 1.53331519e-06 1.49491587e-01 8.76339066e-02
  1.28413379e-02 2.13011582e-07 8.34561292e-13]
 [1.45224648e-14 3.32101871e-09 1.53331519e-06 1.17974896e-06
  2.13011582e-07 1.98778182e-12 1.88851305e-18]
 [1.39036679e-17 1.45224648e-14 3.71148053e-12 3.51635055e-12
  8.34561292e-13 1.88851305e-18 1.05681275e-24]]"
2.230709866464475,0.7380825648565414,1.3845291780014635,0.4804753223066418,"[1.03888541e-31 3.67944763e-26 4.65447148e-16 5.52648525e-11
 2.13938216e-01 6.89514379e-02 4.34220692e-01 6.89514379e-02
 2.13938216e-01 5.52648525e-11 4.65447148e-16 3.67944763e-26
 1.03888541e-31]","[2.14695000e-46 3.23963533e-34 1.28212564e-22 8.73859553e-13
 1.38764035e-03 6.89514379e-02 8.59321843e-01 6.89514379e-02
 1.38764035e-03 8.73859553e-13 1.28212564e-22 3.23963533e-34
 2.14695133e-46]","[[2.14695000e-46 1.61981767e-34 2.96315669e-23 3.00919944e-22
  7.64148662e-22 1.83972382e-26 1.03888541e-31]
 [1.61981767e-34 6.89494301e-23 4.36929776e-13 7.75904523e-12
  2.76324262e-11 4.65445620e-16 1.83972382e-26]
 [2.96315669e-23 4.36929776e-13 1.38764034e-03 3.44757189e-02
  2.13938216e-01 2.76324262e-11 7.64148662e-22]
 [3.00919944e-22 7.75904523e-12 3.44757189e-02 4.31445411e-01
  3.44757189e-02 7.75904523e-12 3.00919944e-22]
 [7.64148662e-22 2.76324262e-11 2.13938216e-01 3.44757189e-02
  1.38764034e-03 4.36929776e-13 2.96315669e-23]
 [1.83972382e-26 4.65445620e-16 2.76324262e-11 7.75904523e-12
  4.36929776e-13 6.89494301e-23 1.61981767e-34]
 [1.03888541e-31 1.83972382e-26 7.64148662e-22 3.00919944e-22
  2.96315669e-23 1.61981767e-34 2.14695133e-46]]","[1.05655311e-16 1.25937058e-13 9.70430409e-09 4.88754450e-06
 1.51625320e-01 1.72179017e-01 3.52381531e-01 1.72179017e-01
 1.51625320e-01 4.88754450e-06 9.70430409e-09 1.25937058e-13
 1.05655311e-16]","[4.80306509e-24 1.18002120e-17 7.88607633e-12 6.12971830e-07
 1.22195237e-02 1.72183291e-01 6.31193144e-01 1.72183291e-01
 1.22195237e-02 6.12971830e-07 7.88607633e-12 1.18002120e-17
 4.80306658e-24]","[[4.80306509e-24 5.90010599e-18 1.78442588e-12 8.05378130e-12
  9.11632044e-12 6.29685290e-14 1.05655311e-16]
 [5.90010599e-18 4.31722456e-12 3.06477861e-07 1.77939657e-06
  2.44376419e-06 9.68607145e-09 6.29685290e-14]
 [1.78442588e-12 3.06477861e-07 1.22159649e-02 8.60892018e-02
  1.51621762e-01 2.44376419e-06 9.11632044e-12]
 [8.05378130e-12 1.77939657e-06 8.60892018e-02 3.27949601e-01
  8.60892018e-02 1.77939657e-06 8.05378130e-12]
 [9.11632044e-12 2.44376419e-06 1.51621762e-01 8.60892018e-02
  1.22159649e-02 3.06477861e-07 1.78442588e-12]
 [6.29685290e-14 9.68607145e-09 2.44376419e-06 1.77939657e-06
  3.06477861e-07 4.31722456e-12 5.90010599e-18]
 [1.05655311e-16 6.29685290e-14 9.11632044e-12 8.05378130e-12
  1.78442588e-12 5.90010599e-18 4.80306658e-24]]"
2.211053611071883,0.7259338532036248,1.3848523564855837,0.4762012615107851,"[4.53412121e-30 5.68732440e-25 3.65640223e-15 1.31828674e-10
 2.15814198e-01 6.50705944e-02 4.38230414e-01 6.50705944e-02
 2.15814198e-01 1.31828674e-10 3.65640223e-15 5.68732440e-25
 4.53412121e-30]","[3.17146263e-45 2.45297823e-33 5.08192974e-22 1.64214216e-12
 1.22383424e-03 6.50705945e-02 8.67411143e-01 6.50705945e-02
 1.22383424e-03 1.64214216e-12 5.08192974e-22 2.45297823e-33
 3.17146380e-45]","[[3.17146263e-45 1.22648912e-33 1.13607096e-22 1.36406700e-21
  4.09347234e-21 2.84366220e-25 4.53412121e-30]
 [1.22648912e-33 2.80978782e-22 8.21071079e-13 1.61124997e-11
  6.59143368e-11 3.65639404e-15 2.84366220e-25]
 [1.13607096e-22 8.21071079e-13 1.22383420e-03 3.25352972e-02
  2.15814198e-01 6.59143368e-11 4.09347234e-21]
 [1.36406700e-21 1.61124997e-11 3.25352972e-02 4.35782746e-01
  3.25352972e-02 1.61124997e-11 1.36406700e-21]
 [4.09347234e-21 6.59143368e-11 2.15814198e-01 3.25352972e-02
  1.22383420e-03 8.21071079e-13 1.13607096e-22]
 [2.84366220e-25 3.65639404e-15 6.59143368e-11 1.61124997e-11
  8.21071079e-13 2.80978782e-22 1.22648912e-33]
 [4.53412121e-30 2.84366220e-25 4.09347234e-21 1.36406700e-21
  1.13607096e-22 1.22648912e-33 3.17146380e-45]]","[7.04891659e-16 5.00407057e-13 2.69312767e-08 7.63748858e-06
 1.53796309e-01 1.68930338e-01 3.54531378e-01 1.68930338e-01
 1.53796309e-01 7.63748858e-06 2.69312767e-08 5.00407057e-13
 7.04891659e-16]","[1.86425625e-23 3.27912812e-17 1.57992253e-11 8.48665092e-07
 1.15933493e-02 1.68937127e-01 6.38937351e-01 1.68937127e-01
 1.15933493e-02 8.48665092e-07 1.57992253e-11 3.27912812e-17
 1.86425660e-23]","[[1.86425625e-23 1.63956406e-17 3.52856256e-12 1.73309792e-11
  2.13800657e-11 2.50203528e-13 7.04891659e-16]
 [1.63956406e-17 8.74210013e-12 4.24315215e-07 2.60322696e-06
  3.81872696e-06 2.68885165e-08 2.50203528e-13]
 [3.52856256e-12 4.24315215e-07 1.15881428e-02 8.44647446e-02
  1.53791102e-01 3.81872696e-06 2.13800657e-11]
 [1.73309792e-11 2.60322696e-06 8.44647446e-02 3.31355093e-01
  8.44647446e-02 2.60322696e-06 1.73309792e-11]
 [2.13800657e-11 3.81872696e-06 1.53791102e-01 8.44647446e-02
  1.15881428e-02 4.24315215e-07 3.52856256e-12]
 [2.50203528e-13 2.68885165e-08 3.81872696e-06 2.60322696e-06
  4.24315215e-07 8.74210013e-12 1.63956406e-17]
 [7.04891659e-16 2.50203528e-13 2.13800657e-11 1.73309792e-11
  3.52856256e-12 1.63956406e-17 1.86425660e-23]]"
2.190448909245861,0.7135510675398753,1.3852017838880988,0.4719178330671534,"[1.58210944e-28 7.63418426e-24 2.71418508e-14 3.07379323e-10
 2.17457048e-01 6.11554142e-02 4.42775075e-01 6.11554142e-02
 2.17457048e-01 3.07379323e-10 2.71418508e-14 7.63418426e-24
 1.58210944e-28]","[3.53394825e-44 1.50768594e-32 1.78469994e-21 2.88003047e-12
 1.07062269e-03 6.11554145e-02 8.75547926e-01 6.11554145e-02
 1.07062269e-03 2.88003047e-12 1.78469994e-21 1.50768594e-32
 3.53394836e-44]","[[3.53394825e-44 7.53842972e-33 3.78616291e-22 5.58507478e-21
  2.05659274e-20 3.81709213e-24 1.58210944e-28]
 [7.53842972e-33 1.02746735e-21 1.44001523e-12 3.18203897e-11
  1.53689661e-10 2.71418097e-14 3.81709213e-24]
 [3.78616291e-22 1.44001523e-12 1.07062262e-03 3.05777071e-02
  2.17457048e-01 1.53689661e-10 2.05659274e-20]
 [5.58507478e-21 3.18203897e-11 3.05777071e-02 4.40633829e-01
  3.05777071e-02 3.18203897e-11 5.58507478e-21]
 [2.05659274e-20 1.53689661e-10 2.17457048e-01 3.05777071e-02
  1.07062262e-03 1.44001523e-12 3.78616291e-22]
 [3.81709213e-24 2.71418097e-14 1.53689661e-10 3.18203897e-11
  1.44001523e-12 1.02746735e-21 7.53842972e-33]
 [1.58210944e-28 3.81709213e-24 2.05659274e-20 5.58507478e-21
  3.78616291e-22 7.53842972e-33 3.53394836e-44]]","[4.20695943e-15 1.85423455e-12 7.21787764e-08 1.18162676e-05
 1.55984704e-01 1.65486613e-01 3.57033589e-01 1.65486613e-01
 1.55984704e-01 1.18162676e-05 7.21787764e-08 1.85423455e-12
 4.20695943e-15]","[6.28753123e-23 8.21378479e-17 2.97368099e-11 1.13570603e-06
 1.09615838e-02 1.65497294e-01 6.47079974e-01 1.65497294e-01
 1.09615838e-02 1.13570603e-06 2.97368099e-11 8.21378479e-17
 6.28753134e-23]","[[6.28753123e-23 4.10689239e-17 6.50843992e-12 3.54710603e-11
  4.86343467e-11 9.27117274e-13 4.20695943e-15]
 [4.10689239e-17 1.67199301e-11 5.67817546e-07 3.72156235e-06
  5.90809831e-06 7.20815077e-08 9.27117274e-13]
 [6.50843992e-12 5.67817546e-07 1.09541406e-02 8.27427387e-02
  1.55977261e-01 5.90809831e-06 4.86343467e-11]
 [3.54710603e-11 3.72156235e-06 8.27427387e-02 3.35125308e-01
  8.27427387e-02 3.72156235e-06 3.54710603e-11]
 [4.86343467e-11 5.90809831e-06 1.55977261e-01 8.27427387e-02
  1.09541406e-02 5.67817546e-07 6.50843992e-12]
 [9.27117274e-13 7.20815077e-08 5.90809831e-06 3.72156235e-06
  5.67817546e-07 1.67199301e-11 4.10689239e-17]
 [4.20695943e-15 9.27117274e-13 4.86343467e-11 3.54710603e-11
  6.50843992e-12 4.10689239e-17 6.28753134e-23]]"
2.1685848513470583,0.7009241679571414,1.3855885877245946,0.4677049672783409,"[4.52397150e-27 9.13428810e-23 1.95645101e-13 7.14041208e-10
 2.18640147e-01 5.71676808e-02 4.48384343e-01 5.71676808e-02
 2.18640147e-01 7.14041208e-10 1.95645101e-13 9.13428810e-23
 4.52397150e-27]","[3.03769822e-43 7.65520616e-32 5.69236276e-21 4.74004497e-12
 9.26689959e-04 5.71676815e-02 8.83811257e-01 5.71676815e-02
 9.26689959e-04 4.74004497e-12 5.69236276e-21 7.65520616e-32
 3.03769889e-43]","[[3.03769822e-43 3.82760308e-32 1.10800809e-21 2.10438055e-20
  9.94855756e-20 4.56714405e-23 4.52397150e-27]
 [3.82760308e-32 3.47634658e-21 2.37002247e-12 6.08016689e-11
  3.57020604e-10 1.95644902e-13 4.56714405e-23]
 [1.10800809e-21 2.37002247e-12 9.26689837e-04 2.85838404e-02
  2.18640147e-01 3.57020604e-10 9.94855756e-20]
 [2.10438055e-20 6.08016689e-11 2.85838404e-02 4.46530964e-01
  2.85838404e-02 6.08016689e-11 2.10438055e-20]
 [9.94855756e-20 3.57020604e-10 2.18640147e-01 2.85838404e-02
  9.26689837e-04 2.37002247e-12 1.10800809e-21]
 [4.56714405e-23 1.95644902e-13 3.57020604e-10 6.08016689e-11
  2.37002247e-12 3.47634658e-21 3.82760308e-32]
 [4.52397150e-27 4.56714405e-23 9.94855756e-20 2.10438055e-20
  1.10800809e-21 3.82760308e-32 3.03769889e-43]]","[2.27435217e-14 6.49214142e-12 1.89318709e-07 1.82816672e-05
 1.58136491e-01 1.61789604e-01 3.60110868e-01 1.61789604e-01
 1.58136491e-01 1.82816672e-05 1.89318709e-07 6.49214142e-12
 2.27435217e-14]","[1.86367464e-22 1.87118597e-16 5.31048817e-11 1.47332080e-06
 1.03181379e-02 1.61806413e-01 6.55747952e-01 1.61806413e-01
 1.03181379e-02 1.47332080e-06 5.31048817e-11 1.87118597e-16
 1.86367485e-22]","[[1.86367464e-22 9.35592985e-17 1.12566099e-11 6.97031638e-11
  1.08724311e-10 3.24607071e-12 2.27435217e-14]
 [9.35592985e-17 3.05916618e-11 7.36590696e-07 5.23955263e-06
  9.14076391e-06 1.89101261e-07 3.24607071e-12]
 [1.12566099e-11 7.36590696e-07 1.03076585e-02 8.08940656e-02
  1.58126012e-01 9.14076391e-06 1.08724311e-10]
 [6.97031638e-11 5.23955263e-06 8.08940656e-02 3.39495550e-01
  8.08940656e-02 5.23955263e-06 6.97031638e-11]
 [1.08724311e-10 9.14076391e-06 1.58126012e-01 8.08940656e-02
  1.03076585e-02 7.36590696e-07 1.12566099e-11]
 [3.24607071e-12 1.89101261e-07 9.14076391e-06 5.23955263e-06
  7.36590696e-07 3.05916618e-11 9.35592985e-17]
 [2.27435217e-14 3.24607071e-12 1.08724311e-10 6.97031638e-11
  1.12566099e-11 9.35592985e-17 1.86367485e-22]]"
2.1448911888335043,0.6880812704176236,1.3860045275576751,0.46374122079763147,"[1.07341051e-25 9.91074208e-22 1.40313714e-12 1.68802547e-09
 2.18874256e-01 5.30385716e-02 4.56174342e-01 5.30385716e-02
 2.18874256e-01 1.68802547e-09 1.40313714e-12 9.91074208e-22
 1.07341051e-25]","[2.03740888e-42 3.24139369e-31 1.70377901e-20 7.33948151e-12
 7.90301469e-04 5.30385733e-02 8.92342250e-01 5.30385733e-02
 7.90301469e-04 7.33948151e-12 1.70377901e-20 3.24139369e-31
 2.03740946e-42]","[[2.03740888e-42 1.62069684e-31 2.85606109e-21 7.38876263e-20
  4.72877315e-19 4.95537104e-22 1.07341051e-25]
 [1.62069684e-31 1.13256679e-20 3.66974068e-12 1.15687078e-10
  8.44012736e-10 1.40313620e-12 4.95537104e-22]
 [2.85606109e-21 3.66974068e-12 7.90301238e-04 2.65192858e-02
  2.18874255e-01 8.44012736e-10 4.72877315e-19]
 [7.38876263e-20 1.15687078e-10 2.65192858e-02 4.54593740e-01
  2.65192858e-02 1.15687078e-10 7.38876263e-20]
 [4.72877315e-19 8.44012736e-10 2.18874255e-01 2.65192858e-02
  7.90301238e-04 3.66974068e-12 2.85606109e-21]
 [4.95537104e-22 1.40313620e-12 8.44012736e-10 1.15687078e-10
  3.66974068e-12 1.13256679e-20 1.62069684e-31]
 [1.07341051e-25 4.95537104e-22 4.72877315e-19 7.38876263e-20
  2.85606109e-21 1.62069684e-31 2.03740946e-42]]","[1.12105190e-13 2.16667813e-11 4.92415537e-07 2.86016666e-05
 1.60122406e-01 1.57740070e-01 3.64216861e-01 1.57740070e-01
 1.60122406e-01 2.86016666e-05 4.92415537e-07 2.16667813e-11
 1.12105190e-13]","[4.88407016e-22 3.89630989e-16 9.09488734e-11 1.85575999e-06
 9.65278085e-03 1.57766816e-01 6.65157095e-01 1.57766816e-01
 9.65278085e-03 1.85575999e-06 9.09488734e-11 3.89630989e-16
 4.88407085e-22]","[[4.88407016e-22 1.94815494e-16 1.82886132e-11 1.32359802e-10
  2.41256723e-10 1.08333906e-11 1.12105190e-13]
 [1.94815494e-16 5.43716471e-11 9.27747633e-07 7.34033416e-06
  1.43007009e-05 4.91933023e-07 1.08333906e-11]
 [1.82886132e-11 9.27747633e-07 9.63809970e-03 7.88691072e-02
  1.60107725e-01 1.43007009e-05 2.41256723e-10]
 [1.32359802e-10 7.34033416e-06 7.88691072e-02 3.44940661e-01
  7.88691072e-02 7.34033416e-06 1.32359802e-10]
 [2.41256723e-10 1.43007009e-05 1.60107725e-01 7.88691072e-02
  9.63809970e-03 9.27747633e-07 1.82886132e-11]
 [1.08333906e-11 4.91933023e-07 1.43007009e-05 7.34033416e-06
  9.27747633e-07 5.43716471e-11 1.94815494e-16]
 [1.12105190e-13 1.08333906e-11 2.41256723e-10 1.32359802e-10
  1.82886132e-11 1.94815494e-16 4.88407085e-22]]"
2.118153698956505,0.6751458013610512,1.386313783794276,0.4604199879764874,"[2.10829212e-24 9.80101399e-21 1.02437743e-11 4.16884402e-09
 2.17029487e-01 4.86346379e-02 4.68671741e-01 4.86346379e-02
 2.17029487e-01 4.16884402e-09 1.02437743e-11 9.80101399e-21
 2.10829212e-24]","[1.06539266e-41 1.14505258e-30 5.06201295e-20 1.06869054e-11
 6.58959429e-04 4.86346421e-02 9.01412797e-01 4.86346421e-02
 6.58959429e-04 1.06869054e-11 5.06201295e-20 1.14505258e-30
 1.06539261e-41]","[[1.06539266e-41 5.72526289e-31 6.44155293e-21 2.42596788e-19
  2.23077396e-18 4.90050699e-21 2.10829212e-24]
 [5.72526289e-31 3.77370237e-20 5.34345248e-12 2.33633635e-10
  2.08442201e-09 1.02437698e-11 4.90050699e-21]
 [6.44155293e-21 5.34345248e-12 6.58958962e-04 2.43173190e-02
  2.17029487e-01 2.08442201e-09 2.23077396e-18]
 [2.42596788e-19 2.33633635e-10 2.43173190e-02 4.67353823e-01
  2.43173190e-02 2.33633635e-10 2.42596788e-19]
 [2.23077396e-18 2.08442201e-09 2.17029487e-01 2.43173190e-02
  6.58958962e-04 5.34345248e-12 6.44155293e-21]
 [4.90050699e-21 1.02437698e-11 2.08442201e-09 2.33633635e-10
  5.34345248e-12 3.77370237e-20 5.72526289e-31]
 [2.10829212e-24 4.90050699e-21 2.23077396e-18 2.42596788e-19
  6.44155293e-21 5.72526289e-31 1.06539261e-41]]","[5.03517027e-13 6.91308555e-11 1.28838624e-06 4.58700406e-05
 1.61624231e-01 1.53156907e-01 3.70343407e-01 1.53156907e-01
 1.61624231e-01 4.58700406e-05 1.28838624e-06 6.91308555e-11
 5.03517027e-13]","[1.13188843e-21 7.42184795e-16 1.51700372e-10 2.27063329e-06
 8.94770670e-03 1.53200506e-01 6.75699033e-01 1.53200506e-01
 8.94770670e-03 2.27063329e-06 1.51700372e-10 7.42184795e-16
 1.13188840e-21]","[[1.13188843e-21 3.71092397e-16 2.78369096e-11 2.43398598e-10
  5.33929234e-10 3.45654277e-11 5.03517027e-13]
 [3.71092397e-16 9.60265525e-11 1.13507325e-06 1.04169612e-05
  2.29347769e-05 1.28731838e-06 3.45654277e-11]
 [2.78369096e-11 1.13507325e-06 8.92687171e-03 7.65773182e-02
  1.61603397e-01 2.29347769e-05 5.33929234e-10]
 [2.43398598e-10 1.04169612e-05 7.65773182e-02 3.52489663e-01
  7.65773182e-02 1.04169612e-05 2.43398598e-10]
 [5.33929234e-10 2.29347769e-05 1.61603397e-01 7.65773182e-02
  8.92687171e-03 1.13507325e-06 2.78369096e-11]
 [3.45654277e-11 1.28731838e-06 2.29347769e-05 1.04169612e-05
  1.13507325e-06 9.60265525e-11 3.71092397e-16]
 [5.03517027e-13 3.45654277e-11 5.33929234e-10 2.43398598e-10
  2.78369096e-11 3.71092397e-16 1.13188840e-21]]"
2.0849815340258426,0.6623616660153546,1.3856100375282177,0.4585539497869353,"[3.33543108e-23 8.68745480e-20 7.80004688e-11 1.11488283e-08
 2.10187472e-01 4.36482127e-02 4.92328609e-01 4.36482127e-02
 2.10187472e-01 1.11488283e-08 7.80004688e-11 8.68745480e-20
 3.33543108e-23]","[4.25818309e-41 3.32880586e-30 1.66049739e-19 1.45791290e-11
 5.28283188e-04 4.36482238e-02 9.11646986e-01 4.36482238e-02
 5.28283188e-04 1.45791290e-11 1.66049739e-19 3.32880586e-30
 4.25818266e-41]","[[4.25818309e-41 1.66440293e-30 1.23946879e-20 7.34063781e-19
  1.03204128e-17 4.34372740e-20 3.33543108e-23]
 [1.66440293e-30 1.41260364e-19 7.28956376e-12 5.81871397e-10
  5.57441416e-09 7.80004482e-11 4.34372740e-20]
 [1.23946879e-20 7.28956376e-12 5.28282024e-04 2.18241063e-02
  2.10187471e-01 5.57441416e-09 1.03204128e-17]
 [7.34063781e-19 5.81871397e-10 2.18241063e-02 4.91272045e-01
  2.18241063e-02 5.81871397e-10 7.34063781e-19]
 [1.03204128e-17 5.57441416e-09 2.10187471e-01 2.18241063e-02
  5.28282024e-04 7.28956376e-12 1.23946879e-20]
 [4.34372740e-20 7.80004482e-11 5.57441416e-09 5.81871397e-10
  7.28956376e-12 1.41260364e-19 1.66440293e-30]
 [3.33543108e-23 4.34372740e-20 1.03204128e-17 7.34063781e-19
  1.23946879e-20 1.66440293e-30 4.25818266e-41]]","[2.03623547e-12 2.09426071e-10 3.45099018e-06 7.68403276e-05
 1.61794701e-01 1.47666063e-01 3.80917889e-01 1.47666063e-01
 1.61794701e-01 7.68403276e-05 3.45099018e-06 2.09426071e-10
 2.03623547e-12]","[2.30072217e-21 1.28663427e-15 2.53767771e-10 2.69906184e-06
 8.16861694e-03 1.47740204e-01 6.88176959e-01 1.47740204e-01
 8.16861694e-03 2.69906184e-06 2.53767771e-10 1.28663427e-15
 2.30072206e-21]","[[2.30072217e-21 6.43317135e-16 3.92627074e-11 4.30930092e-10
  1.17246279e-09 1.04713035e-10 2.03623547e-12]
 [6.43317135e-16 1.75242356e-10 1.34909999e-06 1.55475377e-05
  3.84197329e-05 3.44864525e-06 1.04713035e-10]
 [3.92627074e-11 1.34909999e-06 8.13751952e-03 7.38316824e-02
  1.61763606e-01 3.84197329e-05 1.17246279e-09]
 [4.30930092e-10 1.55475377e-05 7.38316824e-02 3.64642850e-01
  7.38316824e-02 1.55475377e-05 4.30930092e-10]
 [1.17246279e-09 3.84197329e-05 1.61763606e-01 7.38316824e-02
  8.13751952e-03 1.34909999e-06 3.92627074e-11]
 [1.04713035e-10 3.44864525e-06 3.84197329e-05 1.55475377e-05
  1.34909999e-06 1.75242356e-10 6.43317135e-16]
 [2.03623547e-12 1.04713035e-10 1.17246279e-09 4.30930092e-10
  3.92627074e-11 6.43317135e-16 2.30072206e-21]]"
2.031208938987462,0.6490764636068196,1.3775531698069272,0.4591110420953308,"[3.88155884e-22 6.41083695e-19 6.33852211e-10 3.39389216e-08
 1.89452679e-01 3.71390770e-02 5.46816418e-01 3.71390770e-02
 1.89452679e-01 3.39389216e-08 6.33852211e-10 6.41083695e-19
 3.88155884e-22]","[1.21531042e-40 7.56529130e-30 7.11468089e-19 1.84540049e-11
 3.87749941e-04 3.71391110e-02 9.24946278e-01 3.71391110e-02
 3.87749941e-04 1.84540049e-11 7.11468089e-19 7.56529130e-30
 1.21531052e-40]","[[1.21531042e-40 3.78264565e-30 1.88023142e-20 1.91729738e-18
  4.35561736e-17 3.20541848e-19 3.88155884e-22]
 [3.78264565e-30 6.73863461e-19 9.22700053e-12 2.31197894e-09
  1.69694608e-08 6.33852124e-10 3.20541848e-19]
 [1.88023142e-20 9.22700053e-12 3.87745317e-04 1.85695385e-02
  1.89452675e-01 1.69694608e-08 4.35561736e-17]
 [1.91729738e-18 2.31197894e-09 1.85695385e-02 5.46040928e-01
  1.85695385e-02 2.31197894e-09 1.91729738e-18]
 [4.35561736e-17 1.69694608e-08 1.89452675e-01 1.85695385e-02
  3.87745317e-04 9.22700053e-12 1.88023142e-20]
 [3.20541848e-19 6.33852124e-10 1.69694608e-08 2.31197894e-09
  9.22700053e-12 6.73863461e-19 3.78264565e-30]
 [3.88155884e-22 3.20541848e-19 4.35561736e-17 1.91729738e-18
  1.88023142e-20 3.78264565e-30 1.21531052e-40]]","[7.13561928e-12 5.84611279e-10 9.68351238e-06 1.38446458e-04
 1.58032537e-01 1.40307048e-01 4.03024569e-01 1.40307048e-01
 1.58032537e-01 1.38446458e-04 9.68351238e-06 5.84611279e-10
 7.13561928e-12]","[3.99275069e-21 1.99256581e-15 4.53738775e-10 3.12620669e-06
 7.23454206e-03 1.40442369e-01 7.04639925e-01 1.40442369e-01
 7.23454206e-03 3.12620669e-06 4.53738775e-10 1.99256581e-15
 3.99275086e-21]","[[3.99275069e-21 9.96282904e-16 4.96819336e-11 7.15834950e-10
  2.48026061e-09 2.92305639e-10 7.13561928e-12]
 [9.96282904e-16 3.54374908e-10 1.56238751e-06 2.65486026e-05
  6.92225134e-05 9.67855186e-06 2.92305639e-10]
 [4.96819336e-11 1.56238751e-06 7.18143989e-03 7.01519616e-02
  1.57979440e-01 6.92225134e-05 2.48026061e-09]
 [7.15834950e-10 2.65486026e-05 7.01519616e-02 3.88661688e-01
  7.01519616e-02 2.65486026e-05 7.15834950e-10]
 [2.48026061e-09 6.92225134e-05 1.57979440e-01 7.01519616e-02
  7.18143989e-03 1.56238751e-06 4.96819336e-11]
 [2.92305639e-10 9.67855186e-06 6.92225134e-05 2.65486026e-05
  1.56238751e-06 3.54374908e-10 9.96282904e-16]
 [7.13561928e-12 2.92305639e-10 2.48026061e-09 7.15834950e-10
  4.96819336e-11 9.96282904e-16 3.99275086e-21]]"
1.866648308811599,0.6196533881325081,1.307282792708945,0.45311705132520164,"[2.32494901e-21 2.86588689e-18 5.04256144e-09 1.16872841e-07
 1.25999037e-01 2.55884922e-02 6.96824698e-01 2.55884922e-02
 1.25999037e-01 1.16872841e-07 5.04256144e-09 2.86588689e-18
 2.32494901e-21]","[1.86868503e-40 1.06464091e-29 4.29028978e-18 2.04746745e-11
 2.08968428e-04 2.55886091e-02 9.48404845e-01 2.55886091e-02
 2.08968428e-04 2.04746745e-11 4.29028978e-18 1.06464091e-29
 1.86868510e-40]","[[1.86868503e-40 5.32320456e-30 1.63160570e-20 3.22940727e-18
  1.21055620e-16 1.43294344e-18 2.32494901e-21]
 [5.32320456e-30 4.25765766e-18 1.02373340e-11 1.61812007e-08
  5.84364207e-08 5.04256120e-09 1.43294344e-18]
 [1.63160570e-20 1.02373340e-11 2.08936065e-04 1.27942461e-02
  1.25999005e-01 5.84364207e-08 1.21055620e-16]
 [3.22940727e-18 1.61812007e-08 1.27942461e-02 6.96406826e-01
  1.27942461e-02 1.61812007e-08 3.22940727e-18]
 [1.21055620e-16 5.84364207e-08 1.25999005e-01 1.27942461e-02
  2.08936065e-04 1.02373340e-11 1.63160570e-20]
 [1.43294344e-18 5.04256120e-09 5.84364207e-08 1.61812007e-08
  1.02373340e-11 4.25765766e-18 5.32320456e-30]
 [2.32494901e-21 1.43294344e-18 1.21055620e-16 3.22940727e-18
  1.63160570e-20 5.32320456e-30 1.86868510e-40]]","[1.89613470e-11 1.34201749e-09 2.86641227e-05 2.77929961e-04
 1.40875862e-01 1.27799392e-01 4.62036300e-01 1.27799392e-01
 1.40875862e-01 2.77929961e-04 2.86641227e-05 1.34201749e-09
 1.89613470e-11]","[5.37564429e-21 2.56658323e-15 9.71881012e-10 3.59361463e-06
 5.89749448e-03 1.28073730e-01 7.32050363e-01 1.28073730e-01
 5.89749448e-03 3.59361463e-06 9.71881012e-10 2.56658323e-15
 5.37564439e-21]","[[5.37564429e-21 1.28329162e-15 5.02636064e-11 1.00885379e-09
  4.49665795e-09 6.71008743e-10 1.89613470e-11]
 [1.28329162e-15 8.71353799e-10 1.79579846e-06 5.99999622e-05
  1.38963972e-04 2.86551293e-05 6.71008743e-10]
 [5.02636064e-11 1.79579846e-06 5.77748556e-03 6.38979002e-02
  1.40755862e-01 1.38963972e-04 4.49665795e-09]
 [1.00885379e-09 5.99999622e-05 6.38979002e-02 4.50481328e-01
  6.38979002e-02 5.99999622e-05 1.00885379e-09]
 [4.49665795e-09 1.38963972e-04 1.40755862e-01 6.38979002e-02
  5.77748556e-03 1.79579846e-06 5.02636064e-11]
 [6.71008743e-10 2.86551293e-05 1.38963972e-04 5.99999622e-05
  1.79579846e-06 8.71353799e-10 1.28329162e-15]
 [1.89613470e-11 6.71008743e-10 4.49665795e-09 1.00885379e-09
  5.02636064e-11 1.28329162e-15 5.37564439e-21]]"
1.2248829809942294,0.47449234384752637,0.8897929593905587,0.3581519313546787,"[1.75646151e-21 2.11069449e-18 1.54046290e-08 2.29640467e-07
 2.36188052e-02 7.99514386e-03 9.36771612e-01 7.99514386e-03
 2.36188052e-02 2.29640467e-07 1.54046290e-08 2.11069449e-18
 1.75646151e-21]","[5.04388449e-41 3.48032856e-30 1.60458814e-17 1.42321994e-11
 3.37495332e-05 7.99537349e-03 9.83941754e-01 7.99537349e-03
 3.37495332e-05 1.42321994e-11 1.60458814e-17 3.48032856e-30
 5.04388429e-41]","[[5.04388449e-41 1.74016428e-30 2.28471247e-21 1.07633916e-18
  5.97874047e-17 1.05534724e-18 1.75646151e-21]
 [1.74016428e-30 1.60413120e-17 7.11609862e-12 7.93139248e-08
  1.14820233e-07 1.54046289e-08 1.05534724e-18]
 [2.28471247e-21 7.11609862e-12 3.35909054e-05 3.99757192e-03
  2.36186466e-02 1.14820233e-07 5.97874047e-17]
 [1.07633916e-18 7.93139248e-08 3.99757192e-03 9.36704430e-01
  3.99757192e-03 7.93139248e-08 1.07633916e-18]
 [5.97874047e-17 1.14820233e-07 2.36186466e-02 3.99757192e-03
  3.35909054e-05 7.11609862e-12 2.28471247e-21]
 [1.05534724e-18 1.54046289e-08 1.14820233e-07 7.93139248e-08
  7.11609862e-12 1.60413120e-17 1.74016428e-30]
 [1.75646151e-21 1.05534724e-18 5.97874047e-17 1.07633916e-18
  2.28471247e-21 1.74016428e-30 5.04388429e-41]]","[2.27163923e-11 1.58731503e-09 6.77369032e-05 5.28099853e-04
 8.75199982e-02 1.01680217e-01 6.20407893e-01 1.01680217e-01
 8.75199982e-02 5.28099853e-04 6.77369032e-05 1.58731503e-09
 2.27163923e-11]","[3.84948478e-21 2.02281727e-15 2.25400315e-09 4.13931953e-06
 3.67985737e-03 1.02204179e-01 7.88223645e-01 1.02204179e-01
 3.67985737e-03 4.13931953e-06 2.25400315e-09 2.02281727e-15
 3.84948470e-21]","[[3.84948478e-21 1.01140863e-15 2.59608850e-11 8.02803962e-10
  4.37649263e-09 7.93657517e-10 2.27163923e-11]
 [1.01140863e-15 2.20208138e-09 2.06885696e-06 1.59622247e-04
  2.64049124e-04 6.77281502e-05 7.93657517e-10]
 [2.59608850e-11 2.06885696e-06 3.36060412e-03 5.08380395e-02
  8.72007537e-02 2.64049124e-04 4.37649263e-09]
 [8.02803962e-10 1.59622247e-04 5.08380395e-02 6.13686681e-01
  5.08380395e-02 1.59622247e-04 8.02803962e-10]
 [4.37649263e-09 2.64049124e-04 8.72007537e-02 5.08380395e-02
  3.36060412e-03 2.06885696e-06 2.59608850e-11]
 [7.93657517e-10 6.77281502e-05 2.64049124e-04 1.59622247e-04
  2.06885696e-06 2.20208138e-09 1.01140863e-15]
 [2.27163923e-11 7.93657517e-10 4.37649263e-09 8.02803962e-10
  2.59608850e-11 1.01140863e-15 3.84948470e-21]]"
1.8666483088115995,0.6196533881325088,1.3072827927089452,0.4531170513252021,"[2.32494901e-21 2.86588689e-18 5.04256144e-09 1.16872841e-07
 1.25999037e-01 2.55884922e-02 6.96824698e-01 2.55884922e-02
 1.25999037e-01 1.16872841e-07 5.04256144e-09 2.86588689e-18
 2.32494901e-21]","[1.86868515e-40 1.06464091e-29 4.29028978e-18 2.04746745e-11
 2.08968428e-04 2.55886091e-02 9.48404845e-01 2.55886091e-02
 2.08968428e-04 2.04746745e-11 4.29028978e-18 1.06464091e-29
 1.86868506e-40]","[[1.86868515e-40 5.32320456e-30 1.63160570e-20 3.22940727e-18
  1.21055620e-16 1.43294344e-18 2.32494901e-21]
 [5.32320456e-30 4.25765766e-18 1.02373340e-11 1.61812007e-08
  5.84364207e-08 5.04256120e-09 1.43294344e-18]
 [1.63160570e-20 1.02373340e-11 2.08936065e-04 1.27942461e-02
  1.25999005e-01 5.84364207e-08 1.21055620e-16]
 [3.22940727e-18 1.61812007e-08 1.27942461e-02 6.96406826e-01
  1.27942461e-02 1.61812007e-08 3.22940727e-18]
 [1.21055620e-16 5.84364207e-08 1.25999005e-01 1.27942461e-02
  2.08936065e-04 1.02373340e-11 1.63160570e-20]
 [1.43294344e-18 5.04256120e-09 5.84364207e-08 1.61812007e-08
  1.02373340e-11 4.25765766e-18 5.32320456e-30]
 [2.32494901e-21 1.43294344e-18 1.21055620e-16 3.22940727e-18
  1.63160570e-20 5.32320456e-30 1.86868506e-40]]","[1.89613470e-11 1.34201749e-09 2.86641227e-05 2.77929961e-04
 1.40875862e-01 1.27799392e-01 4.62036300e-01 1.27799392e-01
 1.40875862e-01 2.77929961e-04 2.86641227e-05 1.34201749e-09
 1.89613470e-11]","[5.37564447e-21 2.56658323e-15 9.71881012e-10 3.59361463e-06
 5.89749448e-03 1.28073730e-01 7.32050363e-01 1.28073730e-01
 5.89749448e-03 3.59361463e-06 9.71881012e-10 2.56658323e-15
 5.37564433e-21]","[[5.37564447e-21 1.28329162e-15 5.02636064e-11 1.00885379e-09
  4.49665795e-09 6.71008743e-10 1.89613470e-11]
 [1.28329162e-15 8.71353799e-10 1.79579846e-06 5.99999622e-05
  1.38963972e-04 2.86551293e-05 6.71008743e-10]
 [5.02636064e-11 1.79579846e-06 5.77748556e-03 6.38979002e-02
  1.40755862e-01 1.38963972e-04 4.49665795e-09]
 [1.00885379e-09 5.99999622e-05 6.38979002e-02 4.50481328e-01
  6.38979002e-02 5.99999622e-05 1.00885379e-09]
 [4.49665795e-09 1.38963972e-04 1.40755862e-01 6.38979002e-02
  5.77748556e-03 1.79579846e-06 5.02636064e-11]
 [6.71008743e-10 2.86551293e-05 1.38963972e-04 5.99999622e-05
  1.79579846e-06 8.71353799e-10 1.28329162e-15]
 [1.89613470e-11 6.71008743e-10 4.49665795e-09 1.00885379e-09
  5.02636064e-11 1.28329162e-15 5.37564433e-21]]"
2.031208938987464,0.6490764636068218,1.3775531698069292,0.45911104209533304,"[3.88155884e-22 6.41083695e-19 6.33852211e-10 3.39389216e-08
 1.89452679e-01 3.71390770e-02 5.46816418e-01 3.71390770e-02
 1.89452679e-01 3.39389216e-08 6.33852211e-10 6.41083695e-19
 3.88155884e-22]","[1.21531058e-40 7.56529130e-30 7.11468089e-19 1.84540049e-11
 3.87749941e-04 3.71391110e-02 9.24946278e-01 3.71391110e-02
 3.87749941e-04 1.84540049e-11 7.11468089e-19 7.56529130e-30
 1.21531059e-40]","[[1.21531058e-40 3.78264565e-30 1.88023142e-20 1.91729738e-18
  4.35561736e-17 3.20541848e-19 3.88155884e-22]
 [3.78264565e-30 6.73863461e-19 9.22700053e-12 2.31197894e-09
  1.69694608e-08 6.33852124e-10 3.20541848e-19]
 [1.88023142e-20 9.22700053e-12 3.87745317e-04 1.85695385e-02
  1.89452675e-01 1.69694608e-08 4.35561736e-17]
 [1.91729738e-18 2.31197894e-09 1.85695385e-02 5.46040928e-01
  1.85695385e-02 2.31197894e-09 1.91729738e-18]
 [4.35561736e-17 1.69694608e-08 1.89452675e-01 1.85695385e-02
  3.87745317e-04 9.22700053e-12 1.88023142e-20]
 [3.20541848e-19 6.33852124e-10 1.69694608e-08 2.31197894e-09
  9.22700053e-12 6.73863461e-19 3.78264565e-30]
 [3.88155884e-22 3.20541848e-19 4.35561736e-17 1.91729738e-18
  1.88023142e-20 3.78264565e-30 1.21531059e-40]]","[7.13561928e-12 5.84611279e-10 9.68351238e-06 1.38446458e-04
 1.58032537e-01 1.40307048e-01 4.03024569e-01 1.40307048e-01
 1.58032537e-01 1.38446458e-04 9.68351238e-06 5.84611279e-10
 7.13561928e-12]","[3.99275096e-21 1.99256581e-15 4.53738775e-10 3.12620669e-06
 7.23454206e-03 1.40442369e-01 7.04639925e-01 1.40442369e-01
 7.23454206e-03 3.12620669e-06 4.53738775e-10 1.99256581e-15
 3.99275097e-21]","[[3.99275096e-21 9.96282904e-16 4.96819336e-11 7.15834950e-10
  2.48026061e-09 2.92305639e-10 7.13561928e-12]
 [9.96282904e-16 3.54374908e-10 1.56238751e-06 2.65486026e-05
  6.92225134e-05 9.67855186e-06 2.92305639e-10]
 [4.96819336e-11 1.56238751e-06 7.18143989e-03 7.01519616e-02
  1.57979440e-01 6.92225134e-05 2.48026061e-09]
 [7.15834950e-10 2.65486026e-05 7.01519616e-02 3.88661688e-01
  7.01519616e-02 2.65486026e-05 7.15834950e-10]
 [2.48026061e-09 6.92225134e-05 1.57979440e-01 7.01519616e-02
  7.18143989e-03 1.56238751e-06 4.96819336e-11]
 [2.92305639e-10 9.67855186e-06 6.92225134e-05 2.65486026e-05
  1.56238751e-06 3.54374908e-10 9.96282904e-16]
 [7.13561928e-12 2.92305639e-10 2.48026061e-09 7.15834950e-10
  4.96819336e-11 9.96282904e-16 3.99275097e-21]]"
2.0849815340258444,0.662361666015356,1.3856100375282185,0.45855394978693687,"[3.33543108e-23 8.68745480e-20 7.80004688e-11 1.11488283e-08
 2.10187472e-01 4.36482127e-02 4.92328609e-01 4.36482127e-02
 2.10187472e-01 1.11488283e-08 7.80004688e-11 8.68745480e-20
 3.33543108e-23]","[4.25818222e-41 3.32880586e-30 1.66049739e-19 1.45791290e-11
 5.28283188e-04 4.36482238e-02 9.11646986e-01 4.36482238e-02
 5.28283188e-04 1.45791290e-11 1.66049739e-19 3.32880586e-30
 4.25818235e-41]","[[4.25818222e-41 1.66440293e-30 1.23946879e-20 7.34063781e-19
  1.03204128e-17 4.34372740e-20 3.33543108e-23]
 [1.66440293e-30 1.41260364e-19 7.28956376e-12 5.81871397e-10
  5.57441416e-09 7.80004482e-11 4.34372740e-20]
 [1.23946879e-20 7.28956376e-12 5.28282024e-04 2.18241063e-02
  2.10187471e-01 5.57441416e-09 1.03204128e-17]
 [7.34063781e-19 5.81871397e-10 2.18241063e-02 4.91272045e-01
  2.18241063e-02 5.81871397e-10 7.34063781e-19]
 [1.03204128e-17 5.57441416e-09 2.10187471e-01 2.18241063e-02
  5.28282024e-04 7.28956376e-12 1.23946879e-20]
 [4.34372740e-20 7.80004482e-11 5.57441416e-09 5.81871397e-10
  7.28956376e-12 1.41260364e-19 1.66440293e-30]
 [3.33543108e-23 4.34372740e-20 1.03204128e-17 7.34063781e-19
  1.23946879e-20 1.66440293e-30 4.25818235e-41]]","[2.03623547e-12 2.09426071e-10 3.45099018e-06 7.68403276e-05
 1.61794701e-01 1.47666063e-01 3.80917889e-01 1.47666063e-01
 1.61794701e-01 7.68403276e-05 3.45099018e-06 2.09426071e-10
 2.03623547e-12]","[2.30072194e-21 1.28663427e-15 2.53767771e-10 2.69906184e-06
 8.16861694e-03 1.47740204e-01 6.88176959e-01 1.47740204e-01
 8.16861694e-03 2.69906184e-06 2.53767771e-10 1.28663427e-15
 2.30072197e-21]","[[2.30072194e-21 6.43317135e-16 3.92627074e-11 4.30930092e-10
  1.17246279e-09 1.04713035e-10 2.03623547e-12]
 [6.43317135e-16 1.75242356e-10 1.34909999e-06 1.55475377e-05
  3.84197329e-05 3.44864525e-06 1.04713035e-10]
 [3.92627074e-11 1.34909999e-06 8.13751952e-03 7.38316824e-02
  1.61763606e-01 3.84197329e-05 1.17246279e-09]
 [4.30930092e-10 1.55475377e-05 7.38316824e-02 3.64642850e-01
  7.38316824e-02 1.55475377e-05 4.30930092e-10]
 [1.17246279e-09 3.84197329e-05 1.61763606e-01 7.38316824e-02
  8.13751952e-03 1.34909999e-06 3.92627074e-11]
 [1.04713035e-10 3.44864525e-06 3.84197329e-05 1.55475377e-05
  1.34909999e-06 1.75242356e-10 6.43317135e-16]
 [2.03623547e-12 1.04713035e-10 1.17246279e-09 4.30930092e-10
  3.92627074e-11 6.43317135e-16 2.30072197e-21]]"
2.118153698956502,0.6751458013610481,1.3863137837942723,0.4604199879764843,"[2.10829212e-24 9.80101399e-21 1.02437743e-11 4.16884402e-09
 2.17029487e-01 4.86346379e-02 4.68671741e-01 4.86346379e-02
 2.17029487e-01 4.16884402e-09 1.02437743e-11 9.80101399e-21
 2.10829212e-24]","[1.06539315e-41 1.14505258e-30 5.06201295e-20 1.06869054e-11
 6.58959429e-04 4.86346421e-02 9.01412797e-01 4.86346421e-02
 6.58959429e-04 1.06869054e-11 5.06201295e-20 1.14505258e-30
 1.06539309e-41]","[[1.06539315e-41 5.72526289e-31 6.44155293e-21 2.42596788e-19
  2.23077396e-18 4.90050699e-21 2.10829212e-24]
 [5.72526289e-31 3.77370237e-20 5.34345248e-12 2.33633635e-10
  2.08442201e-09 1.02437698e-11 4.90050699e-21]
 [6.44155293e-21 5.34345248e-12 6.58958962e-04 2.43173190e-02
  2.17029487e-01 2.08442201e-09 2.23077396e-18]
 [2.42596788e-19 2.33633635e-10 2.43173190e-02 4.67353823e-01
  2.43173190e-02 2.33633635e-10 2.42596788e-19]
 [2.23077396e-18 2.08442201e-09 2.17029487e-01 2.43173190e-02
  6.58958962e-04 5.34345248e-12 6.44155293e-21]
 [4.90050699e-21 1.02437698e-11 2.08442201e-09 2.33633635e-10
  5.34345248e-12 3.77370237e-20 5.72526289e-31]
 [2.10829212e-24 4.90050699e-21 2.23077396e-18 2.42596788e-19
  6.44155293e-21 5.72526289e-31 1.06539309e-41]]","[5.03517027e-13 6.91308555e-11 1.28838624e-06 4.58700406e-05
 1.61624231e-01 1.53156907e-01 3.70343407e-01 1.53156907e-01
 1.61624231e-01 4.58700406e-05 1.28838624e-06 6.91308555e-11
 5.03517027e-13]","[1.13188868e-21 7.42184795e-16 1.51700372e-10 2.27063329e-06
 8.94770670e-03 1.53200506e-01 6.75699033e-01 1.53200506e-01
 8.94770670e-03 2.27063329e-06 1.51700372e-10 7.42184795e-16
 1.13188866e-21]","[[1.13188868e-21 3.71092397e-16 2.78369096e-11 2.43398598e-10
  5.33929234e-10 3.45654277e-11 5.03517027e-13]
 [3.71092397e-16 9.60265525e-11 1.13507325e-06 1.04169612e-05
  2.29347769e-05 1.28731838e-06 3.45654277e-11]
 [2.78369096e-11 1.13507325e-06 8.92687171e-03 7.65773182e-02
  1.61603397e-01 2.29347769e-05 5.33929234e-10]
 [2.43398598e-10 1.04169612e-05 7.65773182e-02 3.52489663e-01
  7.65773182e-02 1.04169612e-05 2.43398598e-10]
 [5.33929234e-10 2.29347769e-05 1.61603397e-01 7.65773182e-02
  8.92687171e-03 1.13507325e-06 2.78369096e-11]
 [3.45654277e-11 1.28731838e-06 2.29347769e-05 1.04169612e-05
  1.13507325e-06 9.60265525e-11 3.71092397e-16]
 [5.03517027e-13 3.45654277e-11 5.33929234e-10 2.43398598e-10
  2.78369096e-11 3.71092397e-16 1.13188866e-21]]"
2.144891188833498,0.6880812704176178,1.386004527557669,0.46374122079762525,"[1.07341051e-25 9.91074208e-22 1.40313714e-12 1.68802547e-09
 2.18874256e-01 5.30385716e-02 4.56174342e-01 5.30385716e-02
 2.18874256e-01 1.68802547e-09 1.40313714e-12 9.91074208e-22
 1.07341051e-25]","[2.03741115e-42 3.24139369e-31 1.70377901e-20 7.33948151e-12
 7.90301469e-04 5.30385733e-02 8.92342250e-01 5.30385733e-02
 7.90301469e-04 7.33948151e-12 1.70377901e-20 3.24139369e-31
 2.03741024e-42]","[[2.03741115e-42 1.62069685e-31 2.85606109e-21 7.38876263e-20
  4.72877315e-19 4.95537104e-22 1.07341051e-25]
 [1.62069685e-31 1.13256679e-20 3.66974068e-12 1.15687078e-10
  8.44012736e-10 1.40313620e-12 4.95537104e-22]
 [2.85606109e-21 3.66974068e-12 7.90301238e-04 2.65192858e-02
  2.18874255e-01 8.44012736e-10 4.72877315e-19]
 [7.38876263e-20 1.15687078e-10 2.65192858e-02 4.54593740e-01
  2.65192858e-02 1.15687078e-10 7.38876263e-20]
 [4.72877315e-19 8.44012736e-10 2.18874255e-01 2.65192858e-02
  7.90301238e-04 3.66974068e-12 2.85606109e-21]
 [4.95537104e-22 1.40313620e-12 8.44012736e-10 1.15687078e-10
  3.66974068e-12 1.13256679e-20 1.62069684e-31]
 [1.07341051e-25 4.95537104e-22 4.72877315e-19 7.38876263e-20
  2.85606109e-21 1.62069684e-31 2.03741024e-42]]","[1.12105190e-13 2.16667813e-11 4.92415537e-07 2.86016666e-05
 1.60122406e-01 1.57740070e-01 3.64216861e-01 1.57740070e-01
 1.60122406e-01 2.86016666e-05 4.92415537e-07 2.16667813e-11
 1.12105190e-13]","[4.88407287e-22 3.89630989e-16 9.09488734e-11 1.85575999e-06
 9.65278085e-03 1.57766816e-01 6.65157095e-01 1.57766816e-01
 9.65278085e-03 1.85575999e-06 9.09488734e-11 3.89630989e-16
 4.88407178e-22]","[[4.88407287e-22 1.94815494e-16 1.82886132e-11 1.32359802e-10
  2.41256723e-10 1.08333906e-11 1.12105190e-13]
 [1.94815494e-16 5.43716471e-11 9.27747633e-07 7.34033416e-06
  1.43007009e-05 4.91933023e-07 1.08333906e-11]
 [1.82886132e-11 9.27747633e-07 9.63809970e-03 7.88691072e-02
  1.60107725e-01 1.43007009e-05 2.41256723e-10]
 [1.32359802e-10 7.34033416e-06 7.88691072e-02 3.44940661e-01
  7.88691072e-02 7.34033416e-06 1.32359802e-10]
 [2.41256723e-10 1.43007009e-05 1.60107725e-01 7.88691072e-02
  9.63809970e-03 9.27747633e-07 1.82886132e-11]
 [1.08333906e-11 4.91933023e-07 1.43007009e-05 7.34033416e-06
  9.27747633e-07 5.43716471e-11 1.94815494e-16]
 [1.12105190e-13 1.08333906e-11 2.41256723e-10 1.32359802e-10
  1.82886132e-11 1.94815494e-16 4.88407178e-22]]"
2.168584851347061,0.7009241679571436,1.385588587724597,0.4677049672783431,"[4.52397150e-27 9.13428810e-23 1.95645101e-13 7.14041208e-10
 2.18640147e-01 5.71676808e-02 4.48384343e-01 5.71676808e-02
 2.18640147e-01 7.14041208e-10 1.95645101e-13 9.13428810e-23
 4.52397150e-27]","[3.03769781e-43 7.65520616e-32 5.69236276e-21 4.74004497e-12
 9.26689959e-04 5.71676815e-02 8.83811257e-01 5.71676815e-02
 9.26689959e-04 4.74004497e-12 5.69236276e-21 7.65520616e-32
 3.03769931e-43]","[[3.03769781e-43 3.82760308e-32 1.10800809e-21 2.10438055e-20
  9.94855756e-20 4.56714405e-23 4.52397150e-27]
 [3.82760308e-32 3.47634658e-21 2.37002247e-12 6.08016689e-11
  3.57020604e-10 1.95644902e-13 4.56714405e-23]
 [1.10800809e-21 2.37002247e-12 9.26689837e-04 2.85838404e-02
  2.18640147e-01 3.57020604e-10 9.94855756e-20]
 [2.10438055e-20 6.08016689e-11 2.85838404e-02 4.46530964e-01
  2.85838404e-02 6.08016689e-11 2.10438055e-20]
 [9.94855756e-20 3.57020604e-10 2.18640147e-01 2.85838404e-02
  9.26689837e-04 2.37002247e-12 1.10800809e-21]
 [4.56714405e-23 1.95644902e-13 3.57020604e-10 6.08016689e-11
