1.8179775573655463,0.39631689555432703,1.2069056545304953,0.24067471415369002,"[5.97933850e-50 1.14304014e-38 2.92285086e-17 1.42974535e-11
 2.29829701e-01 3.95419948e-02 4.61256608e-01 3.95419948e-02
 2.29829701e-01 1.42974535e-11 2.92285086e-17 1.14304013e-38
 5.97933850e-50]","[2.27976991e-65 2.71804010e-63 2.74937283e-43 9.14929086e-24
 6.79279134e-12 3.95419948e-02 9.20916010e-01 3.95419948e-02
 6.79279134e-12 9.14929086e-24 2.74937280e-43 2.34565916e-64
 2.27976991e-65]","[[2.27976991e-65 1.36785976e-64 8.98404532e-45 8.44831341e-34
  2.53739285e-33 5.71520067e-39 5.97933850e-50]
 [2.58125413e-63 2.56969192e-43 4.57464543e-24 1.62537460e-12
  7.14872673e-12 2.92285086e-17 5.71520067e-39]
 [8.98404532e-45 4.57464543e-24 3.54204214e-12 1.97709974e-02
  2.29829701e-01 7.14872673e-12 2.53739285e-33]
 [8.44831341e-34 1.62537460e-12 1.97709974e-02 4.61256608e-01
  1.97709974e-02 1.62537460e-12 8.44831341e-34]
 [2.53739285e-33 7.14872673e-12 2.29829701e-01 1.97709974e-02
  3.54204214e-12 4.57464543e-24 8.98404602e-45]
 [5.71520070e-39 2.92285086e-17 7.14872673e-12 1.62537460e-12
  4.57464543e-24 2.56969188e-43 9.77859912e-65]
 [5.97933850e-50 5.71520069e-39 2.53739285e-33 8.44831341e-34
  8.98404602e-45 1.36779925e-64 2.27976991e-65]]","[9.85275672e-26 6.10401719e-20 2.17838478e-09 2.15675775e-06
 1.93169505e-01 1.13323728e-01 3.87009217e-01 1.13323728e-01
 1.93169505e-01 2.15675775e-06 2.17838478e-09 6.10401718e-20
 9.85275672e-26]","[1.92387432e-33 4.11763420e-32 3.15235056e-22 1.72402469e-12
 2.09900795e-06 1.13325885e-01 7.73344033e-01 1.13325885e-01
 2.09900795e-06 1.72402469e-12 3.15235055e-22 2.02733607e-32
 1.92387432e-33]","[[1.92387432e-33 1.15432367e-32 3.81917510e-23 1.17116848e-17
  2.03141218e-17 3.05200859e-20 9.85275672e-26]
 [2.96331053e-32 2.38851554e-22 8.62000633e-13 5.13713472e-07
  1.07837887e-06 2.17838474e-09 3.05200859e-20]
 [3.81917510e-23 8.62000633e-13 1.07158101e-06 5.66618639e-02
  1.93168477e-01 1.07837887e-06 2.03141218e-17]
 [1.17116848e-17 5.13713472e-07 5.66618639e-02 3.87007074e-01
  5.66618639e-02 5.13713472e-07 1.17116848e-17]
 [2.03141218e-17 1.07837887e-06 1.93168477e-01 5.66618639e-02
  1.07158101e-06 8.62000633e-13 3.81917525e-23]
 [3.05200860e-20 2.17838474e-09 1.07837887e-06 5.13713472e-07
  8.62000633e-13 2.38851550e-22 8.73037934e-33]
 [9.85275672e-26 3.05200860e-20 2.03141218e-17 1.17116848e-17
  3.81917525e-23 1.15429814e-32 1.92387432e-33]]"
1.8085572031031676,0.39464840815278923,1.2111722982105413,0.24281888309291433,"[2.00400441e-47 5.91627349e-37 2.35555992e-16 3.61651539e-11
 2.30484910e-01 3.72627438e-02 4.64504692e-01 3.72627438e-02
 2.30484910e-01 3.61651539e-11 2.35555992e-16 5.91627349e-37
 2.00400441e-47]","[2.32227301e-65 3.74255048e-64 1.18275906e-41 5.40680020e-23
 1.55735778e-11 3.72627438e-02 9.25474512e-01 3.72627438e-02
 1.55735778e-11 5.40680020e-23 1.18275913e-41 3.07729063e-63
 2.32227301e-65]","[[2.32227301e-65 2.58141393e-64 2.11549288e-43 8.46767131e-33
  2.84766637e-32 2.95813680e-37 2.00400441e-47]
 [1.16113656e-64 1.14044920e-41 2.70340010e-23 3.61284771e-12
  1.80825769e-11 2.35555992e-16 2.95813669e-37]
 [2.11549288e-43 2.70340010e-23 8.34788242e-12 1.86313719e-02
  2.30484910e-01 1.80825769e-11 2.84766636e-32]
 [8.46767131e-33 3.61284771e-12 1.86313719e-02 4.64504692e-01
  1.86313719e-02 3.61284771e-12 8.46767130e-33]
 [2.84766637e-32 1.80825769e-11 2.30484910e-01 1.86313719e-02
  8.34788242e-12 2.70340010e-23 2.11549314e-43]
 [2.95813680e-37 2.35555992e-16 1.80825769e-11 3.61284771e-12
  2.70340010e-23 1.14044926e-41 2.92337807e-63]
 [2.00400441e-47 2.95813669e-37 2.84766636e-32 8.46767130e-33
  2.11549314e-43 1.53912560e-64 2.32227301e-65]]","[1.81228347e-24 4.41387495e-19 6.21332442e-09 3.44861827e-06
 1.94359020e-01 1.10535939e-01 3.90203172e-01 1.10535939e-01
 1.94359020e-01 3.44861827e-06 6.21332442e-09 4.41387495e-19
 1.81228347e-24]","[1.95089291e-33 2.43345364e-32 1.91306911e-21 4.21135178e-12
 3.18957684e-06 1.10539388e-01 7.78914845e-01 1.10539388e-01
 3.18957684e-06 4.21135178e-12 1.91306917e-21 4.54460750e-32
 1.95089291e-33]","[[1.95089291e-33 1.45790877e-32 1.86203169e-22 3.72532273e-17
  6.84347579e-17 2.20693750e-19 1.81228347e-24]
 [9.75544877e-33 1.54066277e-21 2.10563864e-12 7.69521119e-07
  1.72430913e-06 6.21332428e-09 2.20693745e-19]
 [1.86203170e-22 2.10563864e-12 1.65053460e-06 5.52679697e-02
  1.94357481e-01 1.72430913e-06 6.84347579e-17]
 [3.72532273e-17 7.69521119e-07 5.52679697e-02 3.90199871e-01
  5.52679697e-02 7.69521119e-07 3.72532273e-17]
 [6.84347579e-17 1.72430913e-06 1.94357481e-01 5.52679697e-02
  1.65053460e-06 2.10563864e-12 1.86203181e-22]
 [2.20693750e-19 6.21332428e-09 1.72430913e-06 7.69521119e-07
  2.10563864e-12 1.54066281e-21 3.32030014e-32]
 [1.81228347e-24 2.20693745e-19 6.84347579e-17 3.72532273e-17
  1.86203181e-22 1.22430736e-32 1.95089291e-33]]"
1.7987522047049957,0.39324625293182236,1.2155691623833476,0.24531747367366497,"[4.25462777e-45 2.39454018e-35 1.66775631e-15 8.68597562e-11
 2.30601690e-01 3.50031818e-02 4.68790256e-01 3.50031818e-02
 2.30601690e-01 8.68597562e-11 1.66775631e-15 2.39454020e-35
 4.25462777e-45]","[2.33564997e-65 3.01515661e-62 4.05198003e-40 2.85183158e-22
 3.37057638e-11 3.50031819e-02 9.29993636e-01 3.50031819e-02
 3.37057638e-11 2.85183158e-22 4.05198000e-40 5.57200559e-62
 2.33564997e-65]","[[2.33564997e-65 1.78860126e-62 3.65233028e-42 6.64777101e-32
  2.59338805e-31 1.19727010e-35 4.25462777e-45]
 [1.22655535e-62 3.97893343e-40 1.42591579e-22 7.42071100e-12
  4.34298781e-11 1.66775631e-15 1.19727011e-35]
 [3.65233028e-42 1.42591579e-22 1.88643418e-11 1.75015909e-02
  2.30601690e-01 4.34298781e-11 2.59338805e-31]
 [6.64777101e-32 7.42071100e-12 1.75015909e-02 4.68790255e-01
  1.75015909e-02 7.42071100e-12 6.64777101e-32]
 [2.59338805e-31 4.34298781e-11 2.30601690e-01 1.75015909e-02
  1.88643418e-11 1.42591579e-22 3.65233030e-42]
 [1.19727009e-35 1.66775631e-15 4.34298781e-11 7.42071100e-12
  1.42591579e-22 3.97893339e-40 3.77624254e-62]
 [4.25462777e-45 1.19727010e-35 2.59338805e-31 6.64777101e-32
  3.65233030e-42 1.79576305e-62 2.33564997e-65]]","[2.65360763e-23 2.82255053e-18 1.66139362e-08 5.37589948e-06
 1.95365245e-01 1.07669738e-01 3.93919248e-01 1.07669738e-01
 1.95365245e-01 5.37589948e-06 1.66139362e-08 2.82255054e-18
 2.65360763e-23]","[1.96611900e-33 1.18731783e-31 1.04105079e-20 9.72121400e-12
 4.70134081e-06 1.07675114e-01 7.84640369e-01 1.07675114e-01
 4.70134081e-06 9.72121400e-12 1.04105079e-20 1.80755595e-31
 1.96611900e-33]","[[1.96611900e-33 6.40606730e-32 7.77497384e-22 1.04894360e-16
  2.07880831e-16 1.41127527e-18 2.65360763e-23]
 [5.46711105e-32 8.85551315e-21 4.86050211e-12 1.10829719e-06
  2.68794974e-06 1.66139358e-08 1.41127527e-18]
 [7.77497384e-22 4.86050211e-12 2.48474642e-06 5.38348691e-02
  1.95363029e-01 2.68794974e-06 2.07880831e-16]
 [1.04894360e-16 1.10829719e-06 5.38348691e-02 3.93914278e-01
  5.38348691e-02 1.10829719e-06 1.04894360e-16]
 [2.07880831e-16 2.68794974e-06 1.95363029e-01 5.38348691e-02
  2.48474642e-06 4.86050211e-12 7.77497386e-22]
 [1.41127526e-18 1.66139358e-08 2.68794974e-06 1.10829719e-06
  4.86050211e-12 8.85551312e-21 1.16585763e-31]
 [2.65360763e-23 1.41127527e-18 2.07880831e-16 1.04894360e-16
  7.77497386e-22 6.41698324e-32 1.96611900e-33]]"
1.7883970240055425,0.39239242440487065,1.220071721128197,0.24846533773280788,"[5.90809468e-43 7.68267612e-34 1.04807069e-14 1.99769913e-10
 2.29625735e-01 3.27494719e-02 4.75249585e-01 3.27494719e-02
 2.29625735e-01 1.99769913e-10 1.04807069e-14 7.68267612e-34
 5.90809468e-43]","[2.43467730e-65 2.83459542e-60 1.14082874e-38 1.37199851e-21
 7.02894153e-11 3.27494721e-02 9.34501056e-01 3.27494721e-02
 7.02894153e-11 1.37199851e-21 1.14082870e-38 3.18551438e-60
 2.43467730e-65]","[[2.43467730e-65 1.41729809e-60 4.75710020e-41 4.15407167e-31
  1.97557728e-30 3.84133806e-34 5.90809468e-43]
 [1.41729732e-60 1.13131453e-38 6.85999254e-22 1.41254570e-11
  9.98849566e-11 1.04807069e-14 3.84133806e-34]
 [4.75710020e-41 6.85999254e-22 4.20385014e-11 1.63747359e-02
  2.29625735e-01 9.98849566e-11 1.97557728e-30]
 [4.15407167e-31 1.41254570e-11 1.63747359e-02 4.75249585e-01
  1.63747359e-02 1.41254570e-11 4.15407167e-31]
 [1.97557728e-30 9.98849566e-11 2.29625735e-01 1.63747359e-02
  4.20385014e-11 6.85999254e-22 4.75710039e-41]
 [3.84133806e-34 1.04807069e-14 9.98849566e-11 1.41254570e-11
  6.85999254e-22 1.13131450e-38 1.76519339e-60]
 [5.90809468e-43 3.84133806e-34 1.97557728e-30 4.15407167e-31
  4.75710039e-41 1.42032099e-60 2.43467730e-65]]","[3.14324508e-22 1.60723576e-17 4.18649357e-08 8.20577049e-06
 1.95965776e-01 1.04703218e-01 3.98645516e-01 1.04703218e-01
 1.95965776e-01 8.20577049e-06 4.18649357e-08 1.60723576e-17
 3.14324508e-22]","[2.01778655e-33 9.93781589e-31 5.18677746e-20 2.14382460e-11
 6.77232936e-06 1.04711424e-01 7.90563607e-01 1.04711424e-01
 6.77232936e-06 2.14382460e-11 5.18677739e-20 1.23649168e-30
 2.01778655e-33]","[[2.01778655e-33 4.96906756e-31 2.82058557e-21 2.63575297e-16
  5.78407384e-16 8.03617881e-18 3.14324508e-22]
 [4.96874833e-31 4.62266034e-20 1.07188594e-11 1.53707905e-06
  4.10288524e-06 4.18649346e-08 8.03617881e-18]
 [2.82058557e-21 1.07188594e-11 3.69817126e-06 5.23516092e-02
  1.95962702e-01 4.10288524e-06 5.78407385e-16]
 [2.63575297e-16 1.53707905e-06 5.23516092e-02 3.98638120e-01
  5.23516092e-02 1.53707905e-06 2.63575297e-16]
 [5.78407384e-16 4.10288524e-06 1.95962702e-01 5.23516092e-02
  3.69817126e-06 1.07188594e-11 2.82058563e-21]
 [8.03617881e-18 4.18649346e-08 4.10288524e-06 1.53707905e-06
  1.07188594e-11 4.62266027e-20 7.39066046e-31]
 [3.14324508e-22 8.03617881e-18 5.78407385e-16 2.63575297e-16
  2.82058563e-21 4.97425631e-31 2.01778655e-33]]"
1.776964653936649,0.392591484327137,1.224456635233008,0.2527928267934094,"[5.36441063e-41 1.92854692e-32 5.81935457e-14 4.39965931e-10
 2.26363672e-01 3.04687798e-02 4.86335096e-01 3.04687798e-02
 2.26363672e-01 4.39965931e-10 5.81935457e-14 1.92854692e-32
 5.36441063e-41]","[2.24465157e-65 1.55105988e-58 2.70003002e-37 6.11485618e-21
 1.45645443e-10 3.04687803e-02 9.39062439e-01 3.04687803e-02
 1.45645443e-10 6.11485618e-21 2.70003000e-37 1.55250486e-58
 2.24465157e-65]","[[2.24465157e-65 7.75529940e-59 4.72246575e-40 2.06348903e-30
  1.28233176e-29 9.64273462e-33 5.36441063e-41]
 [7.75529938e-59 2.69058509e-37 3.05742809e-21 2.47794230e-11
  2.19982966e-10 5.81935457e-14 9.64273463e-33]
 [4.72246575e-40 3.05742809e-21 9.60865972e-11 1.52343899e-02
  2.26363672e-01 2.19982966e-10 1.28233177e-29]
 [2.06348903e-30 2.47794230e-11 1.52343899e-02 4.86335096e-01
  1.52343899e-02 2.47794230e-11 2.06348903e-30]
 [1.28233176e-29 2.19982966e-10 2.26363672e-01 1.52343899e-02
  9.60865972e-11 3.05742809e-21 4.72246572e-40]
 [9.64273462e-33 5.81935457e-14 2.19982966e-10 2.47794230e-11
  3.05742809e-21 2.69058507e-37 7.76469634e-59]
 [5.36441063e-41 9.64273463e-33 1.28233177e-29 2.06348903e-30
  4.72246572e-40 7.76035221e-59 2.24465157e-65]]","[3.01229871e-21 8.09881040e-17 9.92145982e-08 1.22674496e-05
 1.95688049e-01 1.01596467e-01 4.05406236e-01 1.01596467e-01
 1.95688049e-01 1.22674496e-05 9.92145982e-08 8.09881040e-17
 3.01229871e-21]","[1.94854974e-33 7.26327915e-30 2.39970800e-19 4.55327110e-11
 9.61716612e-06 1.01608734e-01 7.96763297e-01 1.01608734e-01
 9.61716612e-06 4.55327110e-11 2.39970799e-19 7.31833423e-30
 1.94854974e-33]","[[1.94854974e-33 3.63164021e-30 8.93806733e-21 5.90826208e-16
  1.48874109e-15 4.04940520e-17 3.01229871e-21]
 [3.63163894e-30 2.22094665e-19 2.27657647e-11 2.04758919e-06
  6.13372481e-06 9.92145952e-08 4.04940520e-17]
 [8.93806733e-21 2.27657647e-11 5.52198773e-06 5.07982334e-02
  1.95683953e-01 6.13372481e-06 1.48874109e-15]
 [5.90826208e-16 2.04758919e-06 5.07982334e-02 4.05395192e-01
  5.07982334e-02 2.04758919e-06 5.90826208e-16]
 [1.48874109e-15 6.13372481e-06 1.95683953e-01 5.07982334e-02
  5.52198773e-06 2.27657647e-11 8.93806730e-21]
 [4.04940520e-17 9.92145952e-08 6.13372481e-06 2.04758919e-06
  2.27657647e-11 2.22094664e-19 3.68551562e-30]
 [3.01229871e-21 4.04940520e-17 1.48874109e-15 5.90826208e-16
  8.93806730e-21 3.63281862e-30 1.94854974e-33]]"
1.7624274685838277,0.39457160474249964,1.2275214113610997,0.25910691602525615,"[3.04826988e-39 3.60348309e-31 2.77264785e-13 9.12156906e-10
 2.18080734e-01 2.80679697e-02 5.07702591e-01 2.80679697e-02
 2.18080734e-01 9.12156906e-10 2.77264785e-13 3.60348309e-31
 3.04826988e-39]","[2.73127176e-65 5.87077274e-57 5.44511209e-36 2.54500566e-20
 3.17257791e-10 2.80679706e-02 9.43864058e-01 2.80679706e-02
 3.17257791e-10 2.54500566e-20 5.44511208e-36 5.86760175e-57
 2.73127176e-65]","[[2.73127176e-65 2.93538637e-57 3.52317901e-39 7.93151586e-30
  7.07364224e-29 1.80174155e-31 3.04826988e-39]
 [2.93538637e-57 5.43806573e-36 1.27250283e-20 3.92415363e-11
  4.56078453e-10 2.77264785e-13 1.80174155e-31]
 [3.52317901e-39 1.27250283e-20 2.38774719e-10 1.40339849e-02
  2.18080734e-01 4.56078453e-10 7.07364224e-29]
 [7.93151586e-30 3.92415363e-11 1.40339849e-02 5.07702591e-01
  1.40339849e-02 3.92415363e-11 7.93151586e-30]
 [7.07364224e-29 4.56078453e-10 2.18080734e-01 1.40339849e-02
  2.38774719e-10 1.27250283e-20 3.52317905e-39]
 [1.80174155e-31 2.77264785e-13 4.56078453e-10 3.92415363e-11
  1.27250283e-20 5.43806572e-36 2.93427274e-57]
 [3.04826988e-39 1.80174155e-31 7.07364224e-29 7.93151602e-30
  3.52317905e-39 2.93332901e-57 2.73127176e-65]]","[2.28728586e-20 3.52620729e-16 2.18143900e-07 1.78250467e-05
 1.93482264e-01 9.82654324e-02 4.16468522e-01 9.82654324e-02
 1.93482264e-01 1.78250467e-05 2.18143900e-07 3.52620729e-16
 2.28728586e-20]","[2.16509120e-33 4.49123142e-29 1.03959694e-18 9.36037135e-11
 1.36425700e-05 9.82832573e-02 8.03406200e-01 9.82832573e-02
 1.36425700e-05 9.36037135e-11 1.03959694e-18 4.52965664e-29
 2.16509120e-33]","[[2.16509120e-33 2.24561746e-29 2.45921081e-20 1.16683238e-15
  3.54226638e-15 1.76310364e-16 2.28728586e-20]
 [2.24561395e-29 9.90412728e-19 4.68006899e-11 2.59572498e-06
  8.91252333e-06 2.18143893e-07 1.76310364e-16]
 [2.45921081e-20 4.68006899e-11 8.45112006e-06 4.91327161e-02
  1.93477072e-01 8.91252333e-06 3.54226638e-15]
 [1.16683238e-15 2.59572498e-06 4.91327161e-02 4.16451620e-01
  4.91327161e-02 2.59572498e-06 1.16683238e-15]
 [3.54226638e-15 8.91252333e-06 1.93477072e-01 4.91327161e-02
  8.45112006e-06 4.68006899e-11 2.45921082e-20]
 [1.76310364e-16 2.18143893e-07 8.91252333e-06 2.59572498e-06
  4.68006899e-11 9.90412727e-19 2.28482589e-29]
 [2.28728586e-20 1.76310364e-16 3.54226638e-15 1.16683239e-15
  2.45921082e-20 2.24483075e-29 2.16509120e-33]]"
1.7357484166532604,0.3983284759540613,1.2231137525003017,0.2677340398326493,"[9.57885019e-38 4.44754608e-30 1.04317060e-12 1.67573902e-09
 1.98026386e-01 2.52268879e-02 5.53493449e-01 2.52268879e-02
 1.98026386e-01 1.67573902e-09 1.04317060e-12 4.44754608e-30
 9.57885019e-38]","[2.51000074e-65 1.49890503e-55 9.30600987e-35 9.79500866e-20
 8.00445157e-10 2.52268896e-02 9.49546219e-01 2.52268896e-02
 8.00445157e-10 9.79500866e-20 9.30600986e-35 1.49896663e-55
 2.51000074e-65]","[[2.51000074e-65 7.49452502e-56 1.85929556e-38 2.17729881e-29
  3.12520571e-28 2.22377304e-30 9.57885019e-38]
 [7.49452524e-56 9.30229128e-35 4.89750433e-20 5.30060669e-11
  8.37869512e-10 1.04317060e-12 2.22377304e-30]
 [1.85929556e-38 4.89750433e-20 6.94433023e-10 1.26134440e-02
  1.98026386e-01 8.37869512e-10 3.12520571e-28]
 [2.17729881e-29 5.30060669e-11 1.26134440e-02 5.53493448e-01
  1.26134440e-02 5.30060669e-11 2.17729881e-29]
 [3.12520571e-28 8.37869512e-10 1.98026386e-01 1.26134440e-02
  6.94433023e-10 4.89750433e-20 1.85929554e-38]
 [2.22377304e-30 1.04317060e-12 8.37869512e-10 5.30060669e-11
  4.89750433e-20 9.30229127e-35 7.49487814e-56]
 [9.57885019e-38 2.22377304e-30 3.12520571e-28 2.17729881e-29
  1.85929554e-38 7.49478818e-56 2.51000074e-65]]","[1.29940254e-19 1.25542986e-15 4.28813003e-07 2.45274899e-05
 1.86860394e-01 9.44873138e-02 4.37254672e-01 9.44873138e-02
 1.86860394e-01 2.45274899e-05 4.28813003e-07 1.25542986e-15
 1.29940254e-19]","[2.10341005e-33 2.29915274e-28 4.22089351e-18 1.86170489e-10
 1.98147290e-05 9.45118412e-02 8.10936688e-01 9.45118412e-02
 1.98147290e-05 1.86170489e-10 4.22089350e-18 2.30338390e-28
 2.10341005e-33]","[[2.10341005e-33 1.14953771e-28 5.72549898e-20 1.95934440e-15
  7.58501575e-15 6.27714930e-16 1.29940254e-19]
 [1.14961503e-28 4.10638353e-18 9.30832853e-11 3.05770885e-06
  1.22637449e-05 4.28812988e-07 6.27714930e-16]
 [5.72549898e-20 9.30832853e-11 1.36993112e-05 4.72436568e-02
  1.86854279e-01 1.22637449e-05 7.58501575e-15]
 [1.95934440e-15 3.05770885e-06 4.72436568e-02 4.37227273e-01
  4.72436568e-02 3.05770885e-06 1.95934440e-15]
 [7.58501575e-15 1.22637449e-05 1.86854279e-01 4.72436568e-02
  1.36993112e-05 9.30832853e-11 5.72549896e-20]
 [6.27714930e-16 4.28812988e-07 1.22637449e-05 3.05770885e-06
  9.30832853e-11 4.10638352e-18 1.15384819e-28]
 [1.29940254e-19 6.27714930e-16 7.58501575e-15 1.95934440e-15
  5.72549896e-20 1.14953571e-28 2.10341005e-33]]"
1.6529654404348755,0.3962102208302112,1.1791176531910368,0.27255592527659855,"[1.20196112e-36 2.68148727e-29 2.44608485e-12 2.24377374e-09
 1.50135272e-01 2.07697077e-02 6.58190037e-01 2.07697077e-02
 1.50135272e-01 2.24377374e-09 2.44608485e-12 2.68148727e-29
 1.20196112e-36]","[4.67842584e-65 2.30143307e-54 1.24237564e-33 3.22230754e-19
 2.53315414e-09 2.07697099e-02 9.58460575e-01 2.07697099e-02
 2.53315414e-09 3.22230754e-19 1.24237564e-33 2.30144656e-54
 4.67842584e-65]","[[4.67842584e-65 1.15071722e-54 5.74911134e-38 3.38832061e-29
  8.73212321e-28 1.34074364e-29 1.20196112e-36]
 [1.15071585e-54 1.24226066e-33 1.61115377e-19 5.15292709e-11
  1.12188687e-09 2.44608485e-12 1.34074364e-29]
 [5.74911134e-38 1.61115377e-19 2.43009560e-09 1.03848538e-02
  1.50135272e-01 1.12188687e-09 8.73212321e-28]
 [3.38832061e-29 5.15292709e-11 1.03848538e-02 6.58190032e-01
  1.03848538e-02 5.15292709e-11 3.38832061e-29]
 [8.73212321e-28 1.12188687e-09 1.50135272e-01 1.03848538e-02
  2.43009560e-09 1.61115377e-19 5.74911134e-38]
 [1.34074364e-29 2.44608485e-12 1.12188687e-09 5.15292709e-11
  1.61115377e-19 1.24226066e-33 1.15072329e-54]
 [1.20196112e-36 1.34074364e-29 8.73212321e-28 3.38832061e-29
  5.74911134e-38 1.15072327e-54 4.67842584e-65]]","[4.79742644e-19 3.21300459e-15 6.84390610e-07 2.96199396e-05
 1.69608415e-01 8.95131153e-02 4.81696331e-01 8.95131153e-02
 1.69608415e-01 2.96199396e-05 6.84390610e-07 3.21300459e-15
 4.79742644e-19]","[2.99304323e-33 9.38880593e-28 1.57383790e-17 3.52029203e-10
 3.07918098e-05 8.95427349e-02 8.20852946e-01 8.95427349e-02
 3.07918098e-05 3.52029203e-10 1.57383790e-17 9.38940153e-28
 2.99304323e-33]","[[2.99304323e-33 4.69440223e-28 1.04939595e-19 2.54786158e-15
  1.32437188e-14 1.60650230e-15 4.79742644e-19]
 [4.69440370e-28 1.55284998e-17 1.76012054e-10 3.14296859e-06
  1.48099698e-05 6.84390583e-07 1.60650230e-15]
 [1.04939595e-19 1.76012054e-10 2.45058726e-05 4.47565575e-02
  1.69602129e-01 1.48099698e-05 1.32437188e-14]
 [2.54786158e-15 3.14296859e-06 4.47565575e-02 4.81647320e-01
  4.47565575e-02 3.14296859e-06 2.54786158e-15]
 [1.32437188e-14 1.48099698e-05 1.69602129e-01 4.47565575e-02
  2.45058726e-05 1.76012054e-10 1.04939595e-19]
 [1.60650230e-15 6.84390583e-07 1.48099698e-05 3.14296859e-06
  1.76012054e-10 1.55284998e-17 4.69498705e-28]
 [4.79742644e-19 1.60650230e-15 1.32437188e-14 2.54786158e-15
  1.04939595e-19 4.69441448e-28 2.99304323e-33]]"
1.3493191628281545,0.3480658353058448,0.9671857241465864,0.23891857789987192,"[2.48488506e-36 3.48867558e-29 1.80356454e-12 1.20125733e-09
 6.41554024e-02 1.24162276e-02 8.46856737e-01 1.24162276e-02
 6.41554024e-02 1.20125733e-09 1.80356454e-12 3.48867558e-29
 2.48488506e-36]","[2.75888410e-65 1.36965234e-53 8.74616007e-33 6.47249996e-19
 7.94223484e-09 1.24162288e-02 9.75167526e-01 1.24162288e-02
 7.94223484e-09 6.47249996e-19 8.74616008e-33 1.36967507e-53
 2.75888410e-65]","[[2.75888410e-65 6.84826185e-54 5.96800878e-38 1.52521614e-29
  7.30441558e-28 1.74433779e-29 2.48488506e-36]
 [6.84826157e-54 8.74604071e-33 3.23624998e-19 2.15903703e-11
  6.00628664e-10 1.80356454e-12 1.74433779e-29]
 [5.96800878e-38 3.23624998e-19 7.89905410e-09 6.20811382e-03
  6.41554024e-02 6.00628664e-10 7.30441558e-28]
 [1.52521614e-29 2.15903703e-11 6.20811382e-03 8.46856722e-01
  6.20811382e-03 2.15903703e-11 1.52521614e-29]
 [7.30441558e-28 6.00628664e-10 6.41554024e-02 6.20811382e-03
  7.89905410e-09 3.23624998e-19 5.96800877e-38]
 [1.74433779e-29 1.80356454e-12 6.00628664e-10 2.15903703e-11
  3.23624998e-19 8.74604072e-33 6.84837537e-54]
 [2.48488506e-36 1.74433779e-29 7.30441558e-28 1.52521614e-29
  5.96800877e-38 6.84837534e-54 2.75888410e-65]]","[8.02882920e-19 4.26601866e-15 6.84026945e-07 2.52415521e-05
 1.29114095e-01 8.08295451e-02 5.80060869e-01 8.08295451e-02
 1.29114095e-01 2.52415521e-05 6.84026945e-07 4.26601866e-15
 8.02882920e-19]","[2.67525876e-33 2.66585707e-27 4.80089474e-17 5.80619483e-10
 5.23672113e-05 8.08547861e-02 8.38185692e-01 8.08547861e-02
 5.23672113e-05 5.80619483e-10 4.80089474e-17 2.66596286e-27
 2.67525876e-33]","[[2.67525876e-33 1.33292882e-27 1.24457488e-19 1.99023251e-15
  1.40736816e-14 2.13300933e-15 8.02882920e-19]
 [1.33292826e-27 4.77600324e-17 2.90307751e-10 2.36925624e-06
  1.26207760e-05 6.84026917e-07 2.13300933e-15]
 [1.24457488e-19 2.90307751e-10 4.76286988e-05 4.04147723e-02
  1.29109356e-01 1.26207760e-05 1.40736816e-14]
 [1.99023251e-15 2.36925624e-06 4.04147723e-02 5.79965612e-01
  4.04147723e-02 2.36925624e-06 1.99023251e-15]
 [1.40736816e-14 1.26207760e-05 1.29109356e-01 4.04147723e-02
  4.76286988e-05 2.90307751e-10 1.24457488e-19]
 [2.13300933e-15 6.84026917e-07 1.26207760e-05 2.36925624e-06
  2.90307751e-10 4.77600324e-17 1.33302310e-27]
 [8.02882920e-19 2.13300933e-15 1.40736816e-14 1.99023251e-15
  1.24457488e-19 1.33293976e-27 2.67525876e-33]]"
0.7874096502827368,0.22295950281957222,0.5392488640722194,0.13907158063870173,"[2.31711075e-37 3.04350998e-30 1.63124523e-13 1.15082535e-10
 1.04819772e-02 4.66160168e-03 9.69712842e-01 4.66160168e-03
 1.04819772e-02 1.15082535e-10 1.63124523e-13 3.04350998e-30
 2.31711075e-37]","[3.55704168e-65 1.58363239e-53 1.55277169e-32 4.83370244e-19
 1.29461838e-08 4.66160180e-03 9.90676771e-01 4.66160180e-03
 1.29461838e-08 4.83370244e-19 1.55277169e-32 1.58358781e-53
 3.55704168e-65]","[[3.55704168e-65 7.91815974e-54 1.07051163e-38 7.93797560e-31
  6.08093412e-29 1.52175499e-30 2.31711075e-37]
 [7.91816420e-54 1.55276955e-32 2.41685122e-19 2.14879390e-12
  5.75412675e-11 1.63124523e-13 1.52175499e-30]
 [1.07051163e-38 2.41685122e-19 1.29418862e-08 2.33080084e-03
  1.04819772e-02 5.75412675e-11 6.08093412e-29]
 [7.93797560e-31 2.14879390e-12 2.33080084e-03 9.69712816e-01
  2.33080084e-03 2.14879390e-12 7.93797560e-31]
 [6.08093412e-29 5.75412675e-11 1.04819772e-02 2.33080084e-03
  1.29418862e-08 2.41685122e-19 1.07051163e-38]
 [1.52175499e-30 1.63124523e-13 5.75412675e-11 2.14879390e-12
  2.41685122e-19 1.55276955e-32 7.91793838e-54]
 [2.31711075e-37 1.52175499e-30 6.08093412e-29 7.93797560e-31
  1.07051163e-38 7.91793975e-54 3.55704168e-65]]","[3.24705439e-19 1.66883946e-15 2.72452006e-07 1.03486006e-05
 6.91785276e-02 6.57181814e-02 7.30185340e-01 6.57181814e-02
 6.91785276e-02 1.03486006e-05 2.72452006e-07 1.66883946e-15
 3.24705439e-19]","[4.02309830e-33 3.79698130e-27 8.42717420e-17 6.64052362e-10
 7.98028545e-05 6.57285293e-02 8.68383334e-01 6.57285293e-02
 7.98028545e-05 6.64052362e-10 8.42717420e-17 3.79683523e-27
 4.02309830e-33]","[[4.02309830e-33 1.89819365e-27 6.98142935e-20 6.01719214e-16
  5.35683398e-15 8.34419732e-16 3.24705439e-19]
 [1.89878765e-27 8.41321134e-17 3.32025579e-10 9.91203778e-07
  5.17430030e-06 2.72451995e-07 8.34419732e-16]
 [6.98142935e-20 3.32025579e-10 7.78204470e-05 3.28590904e-02
  6.91765451e-02 5.17430030e-06 5.35683398e-15]
 [6.01719214e-16 9.91203778e-07 3.28590904e-02 7.30029699e-01
  3.28590904e-02 9.91203778e-07 6.01719214e-16]
 [5.35683398e-15 5.17430030e-06 6.91765451e-02 3.28590904e-02
  7.78204470e-05 3.32025579e-10 6.98142935e-20]
 [8.34419732e-16 2.72451995e-07 5.17430030e-06 9.91203778e-07
  3.32025579e-10 8.41321134e-17 1.89866810e-27]
 [3.24705439e-19 8.34419732e-16 5.35683398e-15 6.01719214e-16
  6.98142935e-20 1.89816713e-27 4.02309830e-33]]"
0.42354857991151523,0.12544720068101106,0.257664483694401,0.06310081520512567,"[1.61474305e-39 3.05491431e-32 3.38625308e-15 3.80007397e-12
 1.44033910e-03 1.94550719e-03 9.93228307e-01 1.94550719e-03
 1.44033910e-03 3.80007397e-12 3.38625308e-15 3.05491414e-32
 1.61474305e-39]","[8.88781137e-65 4.72308739e-54 7.70214240e-33 1.86502094e-19
 1.10721726e-08 1.94550720e-03 9.96108963e-01 1.94550720e-03
 1.10721726e-08 1.86502094e-19 7.70214241e-33 4.72304458e-54
 8.88781137e-65]","[[8.88781137e-65 2.36154114e-54 7.38011388e-40 9.47473722e-33
  8.30811366e-31 1.52745703e-32 1.61474305e-39]
 [2.36154624e-54 7.70214093e-33 9.32510471e-20 1.17057034e-13
  1.90003698e-12 3.38625308e-15 1.52745711e-32]
 [7.38011388e-40 9.32510471e-20 1.10719384e-08 9.72753597e-04
  1.44033910e-03 1.90003698e-12 8.30811366e-31]
 [9.47473722e-33 1.17057034e-13 9.72753597e-04 9.93228285e-01
  9.72753597e-04 1.17057034e-13 9.47473722e-33]
 [8.30811366e-31 1.90003698e-12 1.44033910e-03 9.72753597e-04
  1.10719384e-08 9.32510471e-20 7.38011388e-40]
 [1.52745711e-32 3.38625308e-15 1.90003698e-12 1.17057034e-13
  9.32510471e-20 7.70214093e-33 2.36152278e-54]
 [1.61474305e-39 1.52745719e-32 8.30811366e-31 9.47473722e-33
  7.38011388e-40 2.36152180e-54 8.88781137e-65]]","[3.25146667e-20 2.00540535e-16 4.70879975e-08 2.25649894e-06
 3.07582562e-02 5.08100727e-02 8.36858735e-01 5.08100727e-02
 3.07582562e-02 2.25649894e-06 4.70879975e-08 2.00540530e-16
 3.25146667e-20]","[7.62825160e-33 2.48701412e-27 7.10841253e-17 4.94498832e-10
 8.60765189e-05 5.08123287e-02 8.98203189e-01 5.08123287e-02
 8.60765189e-05 4.94498832e-10 7.10841253e-17 2.48701846e-27
 7.62825160e-33]","[[7.62825160e-33 1.24348016e-27 2.19872535e-20 7.89863403e-17
  7.48507506e-16 1.00270264e-16 3.25146667e-20]
 [1.24353396e-27 7.10401508e-17 2.47249337e-10 2.78065954e-07
  1.12824947e-06 4.70879960e-08 1.00270266e-16]
 [2.19872535e-20 2.47249337e-10 8.55203870e-05 2.54050361e-02
  3.07577001e-02 1.12824947e-06 7.48507506e-16]
 [7.89863403e-17 2.78065954e-07 2.54050361e-02 8.36687694e-01
  2.54050361e-02 2.78065954e-07 7.89863403e-17]
 [7.48507506e-16 1.12824947e-06 3.07577001e-02 2.54050361e-02
  8.55203870e-05 2.47249337e-10 2.19872535e-20]
 [1.00270266e-16 4.70879960e-08 1.12824947e-06 2.78065954e-07
  2.47249337e-10 7.10401508e-17 1.24353813e-27]
 [3.25146667e-20 1.00270269e-16 7.48507506e-16 7.89863403e-17
  2.19872535e-20 1.24348034e-27 7.62825160e-33]]"
1.0100019880820148,0.10076439903333967,0.5742172371932946,0.005428979542459578,"[2.37408222e-85 2.10049628e-70 1.28417404e-27 2.98476882e-22
 5.71571871e-09 3.73829819e-07 4.83038682e-01 3.39218778e-02
 4.83038682e-01 3.73829819e-07 5.71571871e-09 2.98476882e-22
 1.28417404e-27 0.00000000e+00 0.00000000e+00]","[0.00000000e+00 1.45727395e-98 1.29436023e-53 1.49368173e-34
 1.51746820e-18 2.01031103e-09 1.69613127e-02 9.66077370e-01
 1.69613127e-02 2.01031103e-09 1.51746820e-18 1.49368173e-34
 1.29425187e-53 0.00000000e+00 0.00000000e+00]","[[0.00000000e+000 3.88153141e-110 7.82605691e-104 1.32257944e-105
  0.00000000e+000 0.00000000e+000 0.00000000e+000 0.00000000e+000]
 [1.45727395e-098 1.29436023e-053 7.46840863e-035 2.62179789e-025
  3.68068947e-022 1.49238441e-022 1.28417404e-027 0.00000000e+000]
 [2.74020933e-081 7.46840864e-035 1.51746767e-018 1.00515552e-009
  1.86914909e-007 5.71571871e-009 1.49238441e-022 0.00000000e+000]
 [4.65023405e-072 2.62179789e-025 1.00515552e-009 1.69609389e-002
  4.83038680e-001 1.86914909e-007 3.68068947e-022 0.00000000e+000]
 [4.40180329e-065 3.68068947e-022 1.86914909e-007 4.83038680e-001
  1.69609389e-002 1.00515552e-009 2.62179789e-025 0.00000000e+000]
 [5.92852396e-063 1.49238441e-022 5.71571871e-009 1.86914909e-007
  1.00515552e-009 1.51746767e-018 7.46840863e-035 0.00000000e+000]
 [2.10049628e-070 1.28417404e-027 1.49238441e-022 3.68068947e-022
  2.62179789e-025 7.46840863e-035 1.29425187e-053 0.00000000e+000]
 [2.37408222e-085 8.15193163e-089 5.84678291e-098 0.00000000e+000
  0.00000000e+000 0.00000000e+000 0.00000000e+000 0.00000000e+000]]","[2.94055111e-43 1.12955348e-35 2.16268266e-14 1.48206685e-11
 4.56385478e-05 5.29159367e-04 4.20415514e-01 1.58019376e-01
 4.20415514e-01 5.29159367e-04 4.56385478e-05 1.48206685e-11
 2.16268266e-14 0.00000000e+00 0.00000000e+00]","[0.00000000e+00 1.00251085e-49 2.17124302e-27 1.04315708e-17
 7.44622665e-10 3.83130245e-05 7.95388469e-02 8.40845679e-01
 7.95388469e-02 3.83130245e-05 7.44622665e-10 1.04315708e-17
 2.17115213e-27 0.00000000e+00 0.00000000e+00]","[[0.00000000e+00 1.21069346e-55 1.68876808e-52 2.19478376e-53
  0.00000000e+00 0.00000000e+00 0.00000000e+00 0.00000000e+00]
 [1.00250964e-49 2.17124302e-27 5.21578538e-18 3.09266243e-13
  1.17796300e-11 7.41033424e-12 2.16268266e-14 0.00000000e+00]
 [4.06913182e-41 5.21578538e-18 7.44004132e-10 1.91565004e-05
  2.64579683e-04 4.56385242e-05 7.41033424e-12 0.00000000e+00]
 [2.10480796e-36 3.09266243e-13 1.91565004e-05 7.90096875e-02
  4.20377201e-01 2.64579683e-04 1.17796300e-11 0.00000000e+00]
 [5.45310260e-33 1.17796300e-11 2.64579683e-04 4.20377201e-01
  7.90096875e-02 1.91565004e-05 3.09266243e-13 0.00000000e+00]
 [5.58316071e-32 7.41033424e-12 4.56385242e-05 2.64579683e-04
  1.91565004e-05 7.44004132e-10 5.21578538e-18 0.00000000e+00]
 [1.12955348e-35 2.16268266e-14 7.41033424e-12 1.17796300e-11
  3.09266243e-13 5.21578538e-18 2.17115213e-27 0.00000000e+00]
 [2.94055111e-43 5.65843647e-45 1.47569414e-49 0.00000000e+00
  0.00000000e+00 0.00000000e+00 0.00000000e+00 0.00000000e+00]]"
1.0300614820284673,0.10545908338550458,0.5596184685964222,0.00231341929088158,"[2.07255426e-86 5.00058467e-71 8.11624525e-30 4.79803952e-24
 5.63575885e-10 8.40043355e-08 4.79587608e-01 4.08246154e-02
 4.79587608e-01 8.40043355e-08 5.63575885e-10 4.79803952e-24
 8.11624525e-30 0.00000000e+00 0.00000000e+00]","[0.00000000e+00 6.60875056e-99 1.62975125e-54 3.16481918e-35
 6.39887691e-19 1.23169080e-09 2.04123917e-02 9.59175214e-01
 2.04123917e-02 1.23169080e-09 6.39887691e-19 3.16481918e-35
 1.62983285e-54 0.00000000e+00 0.00000000e+00]","[[0.00000000e+000 1.12151698e-111 7.92309726e-103 3.46971042e-107
  0.00000000e+000 0.00000000e+000 0.00000000e+000 0.00000000e+000]
 [6.60875056e-099 1.62975125e-054 1.58240959e-035 3.62754524e-026
  1.01663747e-023 2.39901976e-024 8.11624525e-030 0.00000000e+000]
 [9.82199445e-082 1.58240959e-035 6.39887618e-019 6.15845399e-010
  4.20021678e-008 5.63575885e-010 2.39901976e-024 0.00000000e+000]
 [1.38006382e-072 3.62754524e-026 6.15845399e-010 2.04123077e-002
  4.79587607e-001 4.20021678e-008 1.01663747e-023 0.00000000e+000]
 [2.91414372e-064 1.01663747e-023 4.20021678e-008 4.79587607e-001
  2.04123077e-002 6.15845399e-010 3.62754524e-026 0.00000000e+000]
 [1.03787064e-063 2.39901976e-024 5.63575885e-010 4.20021678e-008
  6.15845399e-010 6.39887618e-019 1.58240959e-035 0.00000000e+000]
 [5.00058467e-071 8.11624525e-030 2.39901976e-024 1.01663747e-023
  3.62754524e-026 1.58240959e-035 1.62983285e-054 0.00000000e+000]
 [2.07255426e-086 7.22565320e-088 4.90661665e-100 0.00000000e+000
  0.00000000e+000 0.00000000e+000 0.00000000e+000 0.00000000e+000]]","[8.60157432e-44 4.98167098e-36 1.70216859e-15 1.85870263e-12
 1.41866148e-05 2.48517748e-04 4.14128467e-01 1.71217657e-01
 4.14128467e-01 2.48517748e-04 1.41866148e-05 1.85870263e-12
 1.70216859e-15 0.00000000e+00 0.00000000e+00]","[0.00000000e+00 6.86827899e-50 7.62756035e-28 4.75370984e-18
 4.78456904e-10 2.96769787e-05 8.58573457e-02 8.28225954e-01
 8.58573457e-02 2.96769787e-05 4.78456904e-10 4.75370984e-18
 7.62775131e-28 0.00000000e+00 0.00000000e+00]","[[0.00000000e+00 2.00459775e-56 5.31830413e-52 3.51942412e-54
  0.00000000e+00 0.00000000e+00 0.00000000e+00 0.00000000e+00]
 [6.86827698e-50 7.62756035e-28 2.37685492e-18 1.13851063e-13
  1.95982330e-12 9.29351313e-13 1.70216859e-15 0.00000000e+00]
 [1.94742112e-41 2.37685492e-18 4.78229202e-10 1.48384874e-05
  1.24258874e-04 1.41866109e-05 9.29351313e-13 0.00000000e+00]
 [1.34758788e-36 1.13851063e-13 1.48384874e-05 8.56088280e-02
  4.14098790e-01 1.24258874e-04 1.95982330e-12 0.00000000e+00]
 [1.20368127e-32 1.95982330e-12 1.24258874e-04 4.14098790e-01
  8.56088280e-02 1.48384874e-05 1.13851063e-13 0.00000000e+00]
 [3.00018296e-32 9.29351314e-13 1.41866109e-05 1.24258874e-04
  1.48384874e-05 4.78229202e-10 2.37685492e-18 0.00000000e+00]
 [4.98167097e-36 1.70216859e-15 9.29351313e-13 1.95982330e-12
  1.13851063e-13 2.37685492e-18 7.62775131e-28 0.00000000e+00]
 [8.60157432e-44 1.61126055e-44 1.33757043e-50 0.00000000e+00
  0.00000000e+00 0.00000000e+00 0.00000000e+00 0.00000000e+00]]"
1.046544197558216,0.11031149945625329,0.5502965858416773,0.0011687918475205006,"[4.50294687e-88 1.12661076e-71 4.73313758e-32 8.21053607e-26
 6.75641283e-11 2.40819988e-08 4.76726094e-01 4.65477639e-02
 4.76726094e-01 2.40819988e-08 6.75641283e-11 8.21053607e-26
 4.73313758e-32 0.00000000e+00 0.00000000e+00]","[0.00000000e+00 1.50415396e-99 1.31439125e-55 5.20245037e-36
 2.24777910e-19 7.31030128e-10 2.32739060e-02 9.53452186e-01
 2.32739060e-02 7.31030128e-10 2.24777910e-19 5.20245038e-36
 1.31438751e-55 0.00000000e+00 0.00000000e+00]","[[0.00000000e+000 6.90688344e-111 1.23663319e-103 8.51146165e-110
  0.00000000e+000 0.00000000e+000 0.00000000e+000 0.00000000e+000]
 [1.50415396e-099 1.31439125e-055 2.60122519e-036 5.72806174e-027
  3.91994432e-025 4.10526803e-026 4.73313758e-032 0.00000000e+000]
 [2.57634468e-081 2.60122519e-036 2.24777898e-019 3.65515064e-010
  1.20409994e-008 6.75641283e-011 4.10526803e-026 0.00000000e+000]
 [3.21181286e-072 5.72806174e-027 3.65515064e-010 2.32738820e-002
  4.76726093e-001 1.20409994e-008 3.91994432e-025 0.00000000e+000]
 [7.82378094e-064 3.91994432e-025 1.20409994e-008 4.76726093e-001
  2.32738820e-002 3.65515064e-010 5.72806174e-027 0.00000000e+000]
 [5.01887743e-064 4.10526803e-026 6.75641283e-011 1.20409994e-008
  3.65515064e-010 2.24777898e-019 2.60122519e-036 0.00000000e+000]
 [1.12661076e-071 4.73313758e-032 4.10526803e-026 3.91994432e-025
  5.72806174e-027 2.60122519e-036 1.31438751e-055 0.00000000e+000]
 [4.50294687e-088 1.23030664e-089 1.52481766e-099 0.00000000e+000
  0.00000000e+000 0.00000000e+000 0.00000000e+000 0.00000000e+000]]","[1.25746014e-44 2.68281909e-36 1.28920024e-16 2.41013704e-13
 4.87131624e-06 1.31801316e-04 4.09300790e-01 1.81125075e-01
 4.09300790e-01 1.31801316e-04 4.87131624e-06 2.41013704e-13
 1.28920024e-16 0.00000000e+00 0.00000000e+00]","[0.00000000e+00 2.69098773e-50 2.14836538e-28 1.91151884e-18
 2.81179256e-10 2.26696676e-05 9.06943387e-02 8.18565983e-01
 9.06943387e-02 2.26696676e-05 2.81179256e-10 1.91151884e-18
 2.14836232e-28 0.00000000e+00 0.00000000e+00]","[[0.00000000e+00 4.92622303e-56 2.08386498e-52 1.72881248e-55
  0.00000000e+00 0.00000000e+00 0.00000000e+00 0.00000000e+00]
 [2.69098280e-50 2.14836538e-28 9.55759419e-19 4.48600456e-14
  3.85125719e-13 1.20506852e-13 1.28920024e-16 0.00000000e+00]
 [3.12011787e-41 9.55759419e-19 2.81089536e-10 1.13348334e-05
  6.59006582e-05 4.87131547e-06 1.20506852e-13 0.00000000e+00]
 [1.76006793e-36 4.48600456e-14 1.13348334e-05 9.05625374e-02
  4.09278120e-01 6.59006582e-05 3.85125719e-13 0.00000000e+00]
 [1.83164188e-32 3.85125719e-13 6.59006582e-05 4.09278120e-01
  9.05625374e-02 1.13348334e-05 4.48600456e-14 0.00000000e+00]
 [1.92936381e-32 1.20506852e-13 4.87131547e-06 6.59006582e-05
  1.13348334e-05 2.81089536e-10 9.55759420e-19 0.00000000e+00]
 [2.68281909e-36 1.28920024e-16 1.20506852e-13 3.85125719e-13
  4.48600456e-14 9.55759420e-19 2.14836232e-28 0.00000000e+00]
 [1.25746014e-44 2.08151281e-45 2.32077469e-50 0.00000000e+00
  0.00000000e+00 0.00000000e+00 0.00000000e+00 0.00000000e+00]]"
1.060641197639172,0.11483257980083073,0.5432242182421233,0.000667566414680687,"[1.79227508e-89 5.86281345e-72 2.64452396e-34 1.50961730e-27
 9.17753210e-12 8.08690301e-09 4.74178981e-01 5.16420225e-02
 4.74178981e-01 8.08690301e-09 9.17753210e-12 1.50961730e-27
 2.64452396e-34 0.00000000e+00 0.00000000e+00]","[0.00000000e+000 3.72806815e-100 7.36614028e-057 6.96525799e-037
 6.98162998e-020 4.21170898e-010 2.58210193e-002 9.48357960e-001
 2.58210193e-002 4.21170898e-010 6.98162998e-020 6.96525800e-037
 7.36373784e-057 0.00000000e+000 0.00000000e+000]","[[0.00000000e+000 1.30985668e-115 1.03272327e-103 9.39325647e-110
  0.00000000e+000 0.00000000e+000 0.00000000e+000 0.00000000e+000]
 [3.72806815e-100 7.36614028e-057 3.48262900e-037 9.38012355e-028
  2.19821041e-026 7.54808652e-028 2.64452396e-034 0.00000000e+000]
 [4.78263741e-083 3.48262900e-037 6.98162979e-020 2.10585449e-010
  4.04345150e-009 9.17753210e-012 7.54808652e-028 0.00000000e+000]
 [1.38764175e-072 9.38012355e-028 2.10585449e-010 2.58210113e-002
  4.74178980e-001 4.04345150e-009 2.19821041e-026 0.00000000e+000]
 [1.00936141e-064 2.19821041e-026 4.04345150e-009 4.74178980e-001
  2.58210113e-002 2.10585449e-010 9.38012355e-028 0.00000000e+000]
 [1.37693267e-063 7.54808652e-028 9.17753210e-012 4.04345150e-009
  2.10585449e-010 6.98162979e-020 3.48262900e-037 0.00000000e+000]
 [5.86281345e-072 2.64452396e-034 7.54808652e-028 2.19821041e-026
  9.38012355e-028 3.48262900e-037 7.36373784e-057 0.00000000e+000]
 [1.79227508e-089 1.58703218e-091 6.09506037e-102 0.00000000e+000
  0.00000000e+000 0.00000000e+000 0.00000000e+000 0.00000000e+000]]","[2.49107627e-45 1.66125418e-36 9.56882128e-18 3.24425423e-14
 1.78265918e-06 7.56638436e-05 4.05261872e-01 1.89321363e-01
 4.05261872e-01 7.56638436e-05 1.78265918e-06 3.24425423e-14
 9.56882128e-18 0.00000000e+00 0.00000000e+00]","[0.00000000e+00 1.19331036e-50 5.05015471e-29 6.94510310e-19
 1.55581909e-10 1.70833925e-05 9.47363451e-02 8.10493143e-01
 9.47363451e-02 1.70833925e-05 1.55581909e-10 6.94510310e-19
 5.04933110e-29 0.00000000e+00 0.00000000e+00]","[[0.00000000e+00 2.14082920e-58 1.89094037e-52 1.80340297e-55
  0.00000000e+00 0.00000000e+00 0.00000000e+00 0.00000000e+00]
 [1.19331034e-50 5.05015471e-29 3.47255155e-19 1.80239094e-14
  9.04721469e-14 1.62212711e-14 9.56882128e-18 0.00000000e+00]
 [4.61158025e-42 3.47255155e-19 1.55545861e-10 8.54169615e-06
  3.78319218e-05 1.78265900e-06 1.62212711e-14 0.00000000e+00]
 [1.23333810e-36 1.80239094e-14 8.54169615e-06 9.46606813e-02
  4.05244789e-01 3.78319218e-05 9.04721469e-14 0.00000000e+00]
 [7.35458166e-33 9.04721469e-14 3.78319218e-05 4.05244789e-01
  9.46606813e-02 8.54169615e-06 1.80239094e-14 0.00000000e+00]
 [2.77676042e-32 1.62212711e-14 1.78265900e-06 3.78319218e-05
  8.54169615e-06 1.55545861e-10 3.47255155e-19 0.00000000e+00]
 [1.66125418e-36 9.56882128e-18 1.62212711e-14 9.04721469e-14
  1.80239094e-14 3.47255155e-19 5.04933110e-29 0.00000000e+00]
 [2.49107627e-45 2.42158934e-46 1.51833163e-51 0.00000000e+00
  0.00000000e+00 0.00000000e+00 0.00000000e+00 0.00000000e+00]]"
1.073180349324789,0.11903075774010141,0.5372816132021261,0.0004113796836973105,"[2.08506176e-90 9.18201592e-73 1.39543763e-36 2.91304153e-29
 1.33137699e-12 2.99750100e-09 4.71799512e-01 5.64009708e-02
 4.71799512e-01 2.99750100e-09 1.33137699e-12 2.91304152e-29
 1.39543763e-36 0.00000000e+00 0.00000000e+00]","[0.00000000e+000 3.93481780e-102 2.97220955e-058 7.74166604e-038
 1.96876125e-020 2.35232024e-010 2.82004884e-002 9.43599023e-001
 2.82004884e-002 2.35232024e-010 1.96876125e-020 7.74166602e-038
 2.97029518e-058 0.00000000e+000 0.00000000e+000]","[[0.00000000e+000 3.04801160e-113 1.99249010e-106 4.61248401e-111
  0.00000000e+000 0.00000000e+000 0.00000000e+000 0.00000000e+000]
 [3.93481780e-102 2.97220955e-058 3.87083302e-038 1.49688609e-028
  1.68078009e-027 1.45652075e-029 1.39543763e-036 0.00000000e+000]
 [2.14308452e-083 3.87083302e-038 1.96876122e-020 1.17616012e-010
