1.8719485244930498,0.443720040991342,1.256027862766107,0.2821888200211018,"[4.06748373e-17 1.03721122e-13 6.18409721e-09 7.82294743e-06
 2.30478766e-01 3.97016664e-02 4.59623476e-01 3.97016664e-02
 2.30478766e-01 7.82294743e-06 6.18409721e-09 1.03721122e-13
 4.06748373e-17]","[8.78299962e-47 2.91799196e-24 1.49270414e-17 1.93371635e-11
 1.72406311e-06 3.97094893e-02 9.20577573e-01 3.97094893e-02
 1.72406311e-06 1.93371635e-11 1.49270414e-17 2.91799196e-24
 8.78300468e-47]","[[8.78299962e-47 1.45899598e-24 2.98942986e-18 1.50086697e-12
  1.65213487e-11 5.18605609e-14 4.06748373e-17]
 [1.45899598e-24 8.94818163e-18 8.16771479e-12 3.46363929e-07
  3.91147222e-06 6.15105451e-09 5.18605609e-14]
 [2.98942986e-18 8.16771479e-12 1.03130221e-06 1.98508332e-02
  2.30478074e-01 3.91147222e-06 1.65213487e-11]
 [1.50086697e-12 3.46363929e-07 1.98508332e-02 4.59621414e-01
  1.98508332e-02 3.46363929e-07 1.50086697e-12]
 [1.65213487e-11 3.91147222e-06 2.30478074e-01 1.98508332e-02
  1.03130221e-06 8.16771479e-12 2.98942986e-18]
 [5.18605609e-14 6.15105451e-09 3.91147222e-06 3.46363929e-07
  8.16771479e-12 8.94818163e-18 1.45899598e-24]
 [4.06748373e-17 5.18605609e-14 1.65213487e-11 1.50086697e-12
  2.98942986e-18 1.45899598e-24 8.78300468e-47]]","[2.50134994e-09 2.54144476e-07 4.99269376e-05 2.22403023e-03
 1.89796200e-01 1.18187068e-01 3.79485036e-01 1.18187068e-01
 1.89796200e-01 2.22403023e-03 4.99269376e-05 2.54144476e-07
 2.50134994e-09]","[3.67564005e-24 9.47476817e-13 4.22479286e-09 5.35001174e-06
 1.47425520e-03 1.20406003e-01 7.56228776e-01 1.20406003e-01
 1.47425520e-03 5.35001174e-06 4.22479286e-09 9.47476817e-13
 3.67564111e-24]","[[3.67564005e-24 4.73738408e-13 9.58175100e-10 4.83878678e-07
  1.63300313e-06 1.27072238e-07 2.50134994e-09]
 [4.73738408e-13 2.30844266e-09 2.19112719e-06 3.35357291e-04
  1.11153124e-03 4.66609313e-05 1.27072238e-07]
 [9.58175100e-10 2.19112719e-06 8.00274614e-04 5.90913431e-02
  1.89125484e-01 1.11153124e-03 1.63300313e-06]
 [4.83878678e-07 3.35357291e-04 5.90913431e-02 3.77884482e-01
  5.90913431e-02 3.35357291e-04 4.83878678e-07]
 [1.63300313e-06 1.11153124e-03 1.89125484e-01 5.90913431e-02
  8.00274614e-04 2.19112719e-06 9.58175100e-10]
 [1.27072238e-07 4.66609313e-05 1.11153124e-03 3.35357291e-04
  2.19112719e-06 2.30844266e-09 4.73738408e-13]
 [2.50134994e-09 1.27072238e-07 1.63300313e-06 4.83878678e-07
  9.58175100e-10 4.73738408e-13 3.67564111e-24]]"
1.8772159811580829,0.4545844483399395,1.273419603825428,0.29545753814966536,"[2.72740731e-16 3.94576982e-13 1.60176310e-08 1.15373336e-05
 2.31976450e-01 3.75154588e-02 4.60993075e-01 3.75154588e-02
 2.31976450e-01 1.15373336e-05 1.60176310e-08 3.94576982e-13
 2.72740731e-16]","[4.62382754e-45 1.44907208e-23 5.20998080e-17 4.68223057e-11
 2.61419713e-06 3.75269961e-02 9.24940779e-01 3.75269961e-02
 2.61419713e-06 4.68223057e-11 5.20998080e-17 1.44907208e-23
 4.62381404e-45]","[[4.62382754e-45 7.24536038e-24 9.59894883e-18 3.10822326e-12
  3.56837239e-11 1.97288491e-13 2.72740731e-16]
 [7.24536038e-24 3.29019103e-17 2.03029296e-11 4.84573616e-07
  5.76866371e-06 1.59462636e-08 1.97288491e-13]
 [9.59894883e-18 2.03029296e-11 1.64497853e-06 1.87577294e-02
  2.31975481e-01 5.76866371e-06 3.56837239e-11]
 [3.10822326e-12 4.84573616e-07 1.87577294e-02 4.60989785e-01
  1.87577294e-02 4.84573616e-07 3.10822326e-12]
 [3.56837239e-11 5.76866371e-06 2.31975481e-01 1.87577294e-02
  1.64497853e-06 2.03029296e-11 9.59894883e-18]
 [1.97288491e-13 1.59462636e-08 5.76866371e-06 4.84573616e-07
  2.03029296e-11 3.29019103e-17 7.24536038e-24]
 [2.72740731e-16 1.97288491e-13 3.56837239e-11 3.10822326e-12
  9.59894883e-18 7.24536038e-24 4.62381404e-45]]","[6.46015188e-09 4.95332377e-07 7.93750552e-05 2.70486293e-03
 1.90280970e-01 1.16904339e-01 3.80059903e-01 1.16904339e-01
 1.90280970e-01 2.70486293e-03 7.93750552e-05 4.95332377e-07
 6.46015188e-09]","[2.65991980e-23 2.10585147e-12 7.79741309e-09 8.15260390e-06
 1.80815581e-03 1.19601545e-01 7.57164278e-01 1.19601545e-01
 1.80815581e-03 8.15260390e-06 7.79741309e-09 2.10585147e-12
 2.65991592e-23]","[[2.65991980e-23 1.05292574e-12 1.71255835e-09 6.95887069e-07
  2.41088768e-06 2.47666189e-07 6.46015188e-09]
 [1.05292574e-12 4.37229639e-09 3.38041488e-06 3.99204816e-04
  1.35173558e-03 7.45532798e-05 2.47666189e-07]
 [1.71255835e-09 3.38041488e-06 1.00492440e-03 5.84487891e-02
  1.89482557e-01 1.35173558e-03 2.41088768e-06]
 [6.95887069e-07 3.99204816e-04 5.84487891e-02 3.78050045e-01
  5.84487891e-02 3.99204816e-04 6.95887069e-07]
 [2.41088768e-06 1.35173558e-03 1.89482557e-01 5.84487891e-02
  1.00492440e-03 3.38041488e-06 1.71255835e-09]
 [2.47666189e-07 7.45532798e-05 1.35173558e-03 3.99204816e-04
  3.38041488e-06 4.37229639e-09 1.05292574e-12]
 [6.46015188e-09 2.47666189e-07 2.41088768e-06 6.95887069e-07
  1.71255835e-09 1.05292574e-12 2.65991592e-23]]"
1.8851828407508548,0.4679230727766077,1.2935080401887937,0.3110925163347613,"[1.54090909e-15 1.30984190e-12 3.80951999e-08 1.61917794e-05
 2.33878297e-01 3.53938607e-02 4.61423225e-01 3.53938607e-02
 2.33878297e-01 1.61917794e-05 3.80951999e-08 1.30984190e-12
 1.54090909e-15]","[1.74115000e-43 6.19996661e-23 1.66084371e-16 1.09039257e-10
 3.88825437e-06 3.54100524e-02 9.29172118e-01 3.54100524e-02
 3.88825437e-06 1.09039257e-10 1.66084371e-16 6.19996661e-23
 1.74114973e-43]","[[1.74115000e-43 3.09998330e-23 2.72445033e-17 5.84569304e-12
  6.96863887e-11 6.54920951e-13 1.54090909e-15]
 [3.09998330e-23 1.11595364e-16 4.86739354e-11 6.45329326e-07
  8.09588386e-06 3.79558271e-08 6.54920951e-13]
 [2.72445033e-17 4.86739354e-11 2.59745635e-06 1.76969303e-02
  2.33877006e-01 8.09588386e-06 6.96863887e-11]
 [5.84569304e-12 6.45329326e-07 1.76969303e-02 4.61418030e-01
  1.76969303e-02 6.45329326e-07 5.84569304e-12]
 [6.96863887e-11 8.09588386e-06 2.33877006e-01 1.76969303e-02
  2.59745635e-06 4.86739354e-11 2.72445033e-17]
 [6.54920951e-13 3.79558271e-08 8.09588386e-06 6.45329326e-07
  4.86739354e-11 1.11595364e-16 3.09998330e-23]
 [1.54090909e-15 6.54920951e-13 6.96863887e-11 5.84569304e-12
  2.72445033e-17 3.09998330e-23 1.74114973e-43]]","[1.52941821e-08 9.01018458e-07 1.20768419e-04 3.20771491e-03
 1.90741509e-01 1.15915142e-01 3.80027900e-01 1.15915142e-01
 1.90741509e-01 3.20771491e-03 1.20768419e-04 9.01018458e-07
 1.52941821e-08]","[1.62575778e-22 4.33857850e-12 1.36533289e-08 1.20475701e-05
 2.18548759e-03 1.19111710e-01 7.57381482e-01 1.19111710e-01
 2.18548759e-03 1.20475701e-05 1.36533289e-08 4.33857850e-12
 1.62575765e-22]","[[1.62575778e-22 2.16928925e-12 2.87442693e-09 9.52817011e-07
  3.38508911e-06 4.50509229e-07 1.52941821e-08]
 [2.16928925e-12 7.90447504e-09 5.07096803e-06 4.64275546e-04
  1.60290464e-03 1.13998241e-04 4.50509229e-07]
 [2.87442693e-09 5.07096803e-06 1.25016632e-03 5.79525000e-02
  1.89812952e-01 1.60290464e-03 3.38508911e-06]
 [9.52817011e-07 4.64275546e-04 5.79525000e-02 3.77527551e-01
  5.79525000e-02 4.64275546e-04 9.52817011e-07]
 [3.38508911e-06 1.60290464e-03 1.89812952e-01 5.79525000e-02
  1.25016632e-03 5.07096803e-06 2.87442693e-09]
 [4.50509229e-07 1.13998241e-04 1.60290464e-03 4.64275546e-04
  5.07096803e-06 7.90447504e-09 2.16928925e-12]
 [1.52941821e-08 4.50509229e-07 3.38508911e-06 9.52817011e-07
  2.87442693e-09 2.16928925e-12 1.62575765e-22]]"
1.896565392926081,0.48422481677368556,1.3168854689723437,0.32957370792570373,"[7.36310114e-15 3.79667478e-12 8.34170403e-08 2.16173525e-05
 2.36612555e-01 3.33458425e-02 4.60039804e-01 3.33458425e-02
 2.36612555e-01 2.16173525e-05 8.34170403e-08 3.79667478e-12
 7.36310114e-15]","[4.95231303e-42 2.31888301e-22 4.94794430e-16 2.50325701e-10
 5.75086342e-06 3.33674596e-02 9.33253579e-01 3.33674596e-02
 5.75086342e-06 2.50325701e-10 4.94794430e-16 2.31888301e-22
 4.95231246e-42]","[[4.95231303e-42 1.15944150e-22 6.87785325e-17 9.97553143e-12
  1.22757750e-10 1.89833739e-12 7.36310114e-15]
 [1.15944150e-22 3.57237365e-16 1.15187319e-10 8.17762321e-07
  1.08086663e-05 8.31715248e-08 1.89833739e-12]
 [6.87785325e-17 1.15187319e-10 4.11509326e-06 1.66729211e-02
  2.36610919e-01 1.08086663e-05 1.22757750e-10]
 [9.97553143e-12 8.17762321e-07 1.66729211e-02 4.60031574e-01
  1.66729211e-02 8.17762321e-07 9.97553143e-12]
 [1.22757750e-10 1.08086663e-05 2.36610919e-01 1.66729211e-02
  4.11509326e-06 1.15187319e-10 6.87785325e-17]
 [1.89833739e-12 8.31715248e-08 1.08086663e-05 8.17762321e-07
  1.15187319e-10 3.57237365e-16 1.15944150e-22]
 [7.36310114e-15 1.89833739e-12 1.22757750e-10 9.97553143e-12
  6.87785325e-17 1.15944150e-22 4.95231246e-42]]","[3.32427115e-08 1.52971539e-06 1.75999694e-04 3.70812798e-03
 1.91296496e-01 1.15306564e-01 3.79022498e-01 1.15306564e-01
 1.91296496e-01 3.70812798e-03 1.75999694e-04 1.52971539e-06
 3.32427115e-08]","[8.62124727e-22 8.34296777e-12 2.28498511e-08 1.73886895e-05
 2.61328710e-03 1.18998833e-01 7.56740936e-01 1.18998833e-01
 2.61328710e-03 1.73886895e-05 2.28498511e-08 8.34296777e-12
 8.62124678e-22]","[[8.62124727e-22 4.17148388e-12 4.54364228e-09 1.24119763e-06
  4.51439656e-06 7.64857697e-07 3.32427115e-08]
 [4.17148388e-12 1.37625665e-08 7.45314714e-06 5.27805286e-04
  1.85282279e-03 1.66970901e-04 7.64857697e-07]
 [4.54364228e-09 7.45314714e-06 1.54864774e-03 5.76458290e-02
  1.90240876e-01 1.85282279e-03 4.51439656e-06]
 [1.24119763e-06 5.27805286e-04 5.76458290e-02 3.75925175e-01
  5.76458290e-02 5.27805286e-04 1.24119763e-06]
 [4.51439656e-06 1.85282279e-03 1.90240876e-01 5.76458290e-02
  1.54864774e-03 7.45314714e-06 4.54364228e-09]
 [7.64857697e-07 1.66970901e-04 1.85282279e-03 5.27805286e-04
  7.45314714e-06 1.37625665e-08 4.17148388e-12]
 [3.32427115e-08 7.64857697e-07 4.51439656e-06 1.24119763e-06
  4.54364228e-09 4.17148388e-12 8.62124678e-22]]"
1.9122803014231606,0.5040156527139457,1.3442752025988778,0.35141303933570933,"[2.94480238e-14 9.50102392e-12 1.67680851e-07 2.73428638e-05
 2.41011467e-01 3.13810719e-02 4.55159901e-01 3.13810719e-02
 2.41011467e-01 2.73428638e-05 1.67680851e-07 9.50102392e-12
 2.94480238e-14]","[1.11039867e-40 7.62649658e-22 1.41162203e-15 5.82769475e-10
 8.60322732e-06 3.14084141e-02 9.37165964e-01 3.14084141e-02
 8.60322732e-06 5.82769475e-10 1.41162203e-15 7.62649658e-22
 1.11039892e-40]","[[1.11039867e-40 3.81324829e-22 1.53939412e-16 1.52856599e-11
  1.92750319e-10 4.75051196e-12 2.94480238e-14]
 [3.81324829e-22 1.10374321e-15 2.76099077e-10 9.81351612e-07
  1.36714166e-05 1.67295350e-07 4.75051196e-12]
 [1.53939412e-16 2.76099077e-10 6.64013859e-06 1.56905357e-02
  2.41009504e-01 1.36714166e-05 1.92750319e-10]
 [1.52856599e-11 9.81351612e-07 1.56905357e-02 4.55146621e-01
  1.56905357e-02 9.81351612e-07 1.52856599e-11]
 [1.92750319e-10 1.36714166e-05 2.41009504e-01 1.56905357e-02
  6.64013859e-06 2.76099077e-10 1.53939412e-16]
 [4.75051196e-12 1.67295350e-07 1.36714166e-05 9.81351612e-07
  2.76099077e-10 1.10374321e-15 3.81324829e-22]
 [2.94480238e-14 4.75051196e-12 1.92750319e-10 1.52856599e-11
  1.53939412e-16 3.81324829e-22 1.11039892e-40]]","[6.59601579e-08 2.40941451e-06 2.45095666e-04 4.16901870e-03
 1.92197624e-01 1.15208831e-01 3.76353910e-01 1.15208831e-01
 1.92197624e-01 4.16901870e-03 2.45095666e-04 2.40941451e-06
 6.59601579e-08]","[4.05035488e-21 1.50117508e-11 3.67589329e-08 2.46965493e-05
 3.10415074e-03 1.19355563e-01 7.55031106e-01 1.19355563e-01
 3.10415074e-03 2.46965493e-05 3.67589329e-08 1.50117508e-11
 4.05035533e-21]","[[4.05035488e-21 7.50587541e-12 6.75114578e-09 1.52975854e-06
  5.68301903e-06 1.20470725e-06 6.59601579e-08]
 [7.50587541e-12 2.32566413e-08 1.08185161e-05 5.85884749e-04
  2.08297959e-03 2.33729628e-04 1.20470725e-06]
 [6.75114578e-09 1.08185161e-05 1.92101520e-03 5.75935971e-02
  1.91025841e-01 2.08297959e-03 5.68301903e-06]
 [1.52975854e-06 5.85884749e-04 5.75935971e-02 3.72511833e-01
  5.75935971e-02 5.85884749e-04 1.52975854e-06]
 [5.68301903e-06 2.08297959e-03 1.91025841e-01 5.75935971e-02
  1.92101520e-03 1.08185161e-05 6.75114578e-09]
 [1.20470725e-06 2.33729628e-04 2.08297959e-03 5.85884749e-04
  1.08185161e-05 2.32566413e-08 7.50587541e-12]
 [6.59601579e-08 1.20470725e-06 5.68301903e-06 1.52975854e-06
  6.75114578e-09 7.50587541e-12 4.05035533e-21]]"
1.9331710156659787,0.5275859180316285,1.3762523189687095,0.3768763372701036,"[9.54985680e-14 1.99267258e-11 3.06814243e-07 3.24557004e-05
 2.48634700e-01 2.95032172e-02 4.43658640e-01 2.95032172e-02
 2.48634700e-01 3.24557004e-05 3.06814243e-07 1.99267258e-11
 9.54985680e-14]","[2.02911122e-39 2.19424920e-21 3.97277570e-15 1.42239971e-09
 1.33129868e-05 2.95356715e-02 9.40902028e-01 2.95356715e-02
 1.33129868e-05 1.42239971e-09 3.97277570e-15 2.19424920e-21
 2.02911124e-39]","[[2.02911122e-39 1.09712460e-21 3.00220534e-16 2.04837968e-11
  2.62520518e-10 9.96336292e-12 9.54985680e-14]
 [1.09712460e-21 3.37233463e-15 6.90716057e-10 1.10299967e-06
  1.62278297e-05 3.06289202e-07 9.96336292e-12]
 [3.00220534e-16 6.90716057e-10 1.11064624e-05 1.47516079e-02
  2.48632494e-01 1.62278297e-05 2.62520518e-10]
 [2.04837968e-11 1.10299967e-06 1.47516079e-02 4.43636427e-01
  1.47516079e-02 1.10299967e-06 2.04837968e-11]
 [2.62520518e-10 1.62278297e-05 2.48632494e-01 1.47516079e-02
  1.11064624e-05 6.90716057e-10 3.00220534e-16]
 [9.96336292e-12 3.06289202e-07 1.62278297e-05 1.10299967e-06
  6.90716057e-10 3.37233463e-15 1.09712460e-21]
 [9.54985680e-14 9.96336292e-12 2.62520518e-10 2.04837968e-11
  3.00220534e-16 1.09712460e-21 2.02911124e-39]]","[1.17548117e-07 3.46774308e-06 3.24111906e-04 4.53628606e-03
 1.93947531e-01 1.15835518e-01 3.70705936e-01 1.15835518e-01
 1.93947531e-01 4.53628606e-03 3.24111906e-04 3.46774308e-06
 1.17548117e-07]","[1.71344502e-20 2.51985557e-11 5.71204982e-08 3.48502214e-05
 3.68279207e-03 1.20340422e-01 7.51883758e-01 1.20340422e-01
 3.68279207e-03 3.48502214e-05 5.71204982e-08 2.51985557e-11
 1.71344503e-20]","[[1.71344502e-20 1.25992778e-11 9.34607112e-09 1.76005493e-06
  6.65999864e-06 1.73387154e-06 1.17548117e-07]
 [1.25992778e-11 3.84283560e-08 1.56650558e-05 6.33114651e-04
  2.26638298e-03 3.10791909e-04 1.73387154e-06]
 [9.34607112e-09 1.56650558e-05 2.40324277e-03 5.79020940e-02
  1.92681283e-01 2.26638298e-03 6.65999864e-06]
 [1.76005493e-06 6.33114651e-04 5.79020940e-02 3.65899373e-01
  5.79020940e-02 6.33114651e-04 1.76005493e-06]
 [6.65999864e-06 2.26638298e-03 1.92681283e-01 5.79020940e-02
  2.40324277e-03 1.56650558e-05 9.34607112e-09]
 [1.73387154e-06 3.10791909e-04 2.26638298e-03 6.33114651e-04
  1.56650558e-05 3.84283560e-08 1.25992778e-11]
 [1.17548117e-07 1.73387154e-06 6.65999864e-06 1.76005493e-06
  9.34607112e-09 1.25992778e-11 1.71344503e-20]]"
1.9585368755301262,0.5539920045441626,1.4119271268129605,0.4049842015709688,"[2.33347390e-13 3.27686933e-11 5.05967652e-07 3.54651735e-05
 2.62056704e-01 2.76773330e-02 4.20459984e-01 2.76773330e-02
 2.62056704e-01 3.54651735e-05 5.05967652e-07 3.27686933e-11
 2.33347390e-13]","[3.08335977e-38 5.38022086e-21 1.14580150e-14 3.77842419e-09
 2.19253682e-05 2.77127944e-02 9.44530553e-01 2.77127944e-02
 2.19253682e-05 3.77842419e-09 1.14580150e-14 5.38022086e-21
 3.08335975e-38]","[[3.08335977e-38 2.69011043e-21 4.87213522e-16 2.25868864e-11
  2.92363227e-10 1.63843467e-11 2.33347390e-13]
 [2.69011043e-21 1.04835880e-14 1.86662521e-09 1.13819333e-06
  1.77325641e-05 5.05382925e-07 1.63843467e-11]
 [4.87213522e-16 1.86662521e-09 1.96483968e-05 1.38386646e-02
  2.62054428e-01 1.77325641e-05 2.92363227e-10]
 [2.25868864e-11 1.13819333e-06 1.38386646e-02 4.20420687e-01
  1.38386646e-02 1.13819333e-06 2.25868864e-11]
 [2.92363227e-10 1.77325641e-05 2.62054428e-01 1.38386646e-02
  1.96483968e-05 1.86662521e-09 4.87213522e-16]
 [1.63843467e-11 5.05382925e-07 1.77325641e-05 1.13819333e-06
  1.86662521e-09 1.04835880e-14 2.69011043e-21]
 [2.33347390e-13 1.63843467e-11 2.92363227e-10 2.25868864e-11
  4.87213522e-16 2.69011043e-21 3.08335975e-38]]","[1.81430624e-07 4.41267225e-06 4.02447526e-04 4.73392565e-03
 1.97463726e-01 1.17578419e-01 3.59633776e-01 1.17578419e-01
 1.97463726e-01 4.73392565e-03 4.02447526e-04 4.41267225e-06
 1.81430624e-07]","[6.59509752e-20 3.89605497e-11 8.61720667e-08 4.96184523e-05
 4.40289108e-03 1.22267139e-01 7.46560530e-01 1.22267139e-01
 4.40289108e-03 4.96184523e-05 8.61720667e-08 3.89605497e-11
 6.59509751e-20]","[[6.59509752e-20 1.94802748e-11 1.17886257e-08 1.83509127e-06
  7.05541392e-06 2.20633612e-06 1.81430624e-07]
 [1.94802748e-11 6.25948153e-08 2.29741349e-05 6.62689091e-04
  2.36512774e-03 3.88336698e-04 2.20633612e-06]
 [1.17886257e-08 2.29741349e-05 3.06340207e-03 5.87662354e-02
  1.96138324e-01 2.36512774e-03 7.05541392e-06]
 [1.83509127e-06 6.62689091e-04 5.87662354e-02 3.53506847e-01
  5.87662354e-02 6.62689091e-04 1.83509127e-06]
 [7.05541392e-06 2.36512774e-03 1.96138324e-01 5.87662354e-02
  3.06340207e-03 2.29741349e-05 1.17886257e-08]
 [2.20633612e-06 3.88336698e-04 2.36512774e-03 6.62689091e-04
  2.29741349e-05 6.25948153e-08 1.94802748e-11]
 [1.81430624e-07 2.20633612e-06 7.05541392e-06 1.83509127e-06
  1.17886257e-08 1.94802748e-11 6.59509751e-20]]"
1.9817699609442387,0.5786353671065516,1.4451130517196225,0.4310488063965907,"[3.59215934e-13 3.59378405e-11 7.67440470e-07 3.43872446e-05
 2.83426886e-01 2.57514001e-02 3.81573119e-01 2.57514001e-02
 2.83426886e-01 3.43872446e-05 7.67440470e-07 3.59378405e-11
 3.59215934e-13]","[3.80493022e-37 1.03569084e-20 3.52447523e-14 1.12562566e-08
 3.95183564e-05 2.57857762e-02 9.48349388e-01 2.57857762e-02
 3.95183564e-05 1.12562566e-08 3.52447523e-14 1.03569084e-20
 3.80493023e-37]","[[3.80493022e-37 5.17845418e-21 5.82856980e-16 1.75796858e-11
  2.30882912e-10 1.79689202e-11 3.59215934e-13]
 [5.17845418e-21 3.40790383e-14 5.61054863e-09 1.05968504e-06
  1.71936047e-05 7.66978704e-07 1.79689202e-11]
 [5.82856980e-16 5.61054863e-09 3.73985246e-05 1.28756945e-02
  2.83424766e-01 1.71936047e-05 2.30882912e-10]
 [1.75796858e-11 1.05968504e-06 1.28756945e-02 3.81498322e-01
  1.28756945e-02 1.05968504e-06 1.75796858e-11]
 [2.30882912e-10 1.71936047e-05 2.83424766e-01 1.28756945e-02
  3.73985246e-05 5.61054863e-09 5.82856980e-16]
 [1.79689202e-11 7.66978704e-07 1.71936047e-05 1.05968504e-06
  5.61054863e-09 3.40790383e-14 5.17845418e-21]
 [3.59215934e-13 1.79689202e-11 2.30882912e-10 1.75796858e-11
  5.82856980e-16 5.17845418e-21 3.80493023e-37]]","[2.22506098e-07 4.59244525e-06 4.62918224e-04 4.66467146e-03
 2.03881851e-01 1.21222368e-01 3.39526753e-01 1.21222368e-01
 2.03881851e-01 4.66467146e-03 4.62918224e-04 4.59244525e-06
 2.22506098e-07]","[2.29001048e-19 5.34313441e-11 1.26827328e-07 7.31051586e-05
 5.38910830e-03 1.25818527e-01 7.37438265e-01 1.25818527e-01
 5.38910830e-03 7.31051586e-05 1.26827328e-07 5.34313441e-11
 2.29001048e-19]","[[2.29001048e-19 2.67156720e-11 1.27988424e-08 1.61298415e-06
  6.30351280e-06 2.29622262e-06 2.22506098e-07]
 [2.67156720e-11 1.01229643e-07 3.49395951e-05 6.69633253e-04
  2.33072275e-03 4.50311198e-04 2.29622262e-06]
 [1.27988424e-08 3.49395951e-05 4.03723477e-03 6.05762445e-02
  2.02542558e-01 2.33072275e-03 6.30351280e-06]
 [1.61298415e-06 6.69633253e-04 6.05762445e-02 3.31452081e-01
  6.05762445e-02 6.69633253e-04 1.61298415e-06]
 [6.30351280e-06 2.33072275e-03 2.02542558e-01 6.05762445e-02
  4.03723477e-03 3.49395951e-05 1.27988424e-08]
 [2.29622262e-06 4.50311198e-04 2.33072275e-03 6.69633253e-04
  3.49395951e-05 1.01229643e-07 2.67156720e-11]
 [2.22506098e-07 2.29622262e-06 6.30351280e-06 1.61298415e-06
  1.27988424e-08 2.67156720e-11 2.29001048e-19]]"
1.9992118511406696,0.6010555519423677,1.4694937770636547,0.45305242520489153,"[2.21569371e-13 1.74684305e-11 1.25355051e-06 2.92841886e-05
 3.05543470e-01 2.39245829e-02 3.41002818e-01 2.39245829e-02
 3.05543470e-01 2.92841886e-05 1.25355051e-06 1.74684305e-11
 2.21569371e-13]","[3.10204500e-36 1.24161965e-20 1.12967216e-13 3.61141008e-08
 7.79132875e-05 2.39538310e-02 9.51936439e-01 2.39538310e-02
 7.79132875e-05 3.61141008e-08 1.12967216e-13 1.24161965e-20
 3.10204503e-36]","[[3.10204500e-36 6.20809826e-21 3.76978206e-16 6.49965839e-12
  9.03638362e-11 8.73421527e-12 2.21569371e-13]
 [6.20809826e-21 1.12213260e-13 1.80505507e-08 1.01636945e-06
  1.46420878e-05 1.25336978e-06 8.73421527e-12]
 [3.76978206e-16 1.80505507e-08 7.58803679e-05 1.19622734e-02
  3.05541438e-01 1.46420878e-05 9.03638362e-11]
 [6.49965839e-12 1.01636945e-06 1.19622734e-02 3.40851057e-01
  1.19622734e-02 1.01636945e-06 6.49965839e-12]
 [9.03638362e-11 1.46420878e-05 3.05541438e-01 1.19622734e-02
  7.58803679e-05 1.80505507e-08 3.76978206e-16]
 [8.73421527e-12 1.25336978e-06 1.46420878e-05 1.01636945e-06
  1.80505507e-08 1.12213260e-13 6.20809826e-21]
 [2.21569371e-13 8.73421527e-12 9.03638362e-11 6.49965839e-12
  3.76978206e-16 6.20809826e-21 3.10204503e-36]]","[1.73233359e-07 3.18860876e-06 5.03441505e-04 4.28840962e-03
 2.10930938e-01 1.27993996e-01 3.12559707e-01 1.27993996e-01
 2.10930938e-01 4.28840962e-03 5.03441505e-04 3.18860876e-06
 1.73233359e-07]","[6.48187587e-19 5.79949170e-11 1.79890609e-07 1.13146301e-04
 6.86327729e-03 1.32172447e-01 7.21701898e-01 1.32172447e-01
 6.86327729e-03 1.13146301e-04 1.79890609e-07 5.79949170e-11
 6.48187589e-19]","[[6.48187587e-19 2.89974585e-11 1.02508397e-08 9.85927428e-07
  3.95735315e-06 1.59430438e-06 1.73233359e-07]
 [2.89974585e-11 1.59388930e-07 5.55872231e-05 6.70853661e-04
  2.14321888e-03 4.95526799e-04 1.59430438e-06]
 [1.02508397e-08 5.55872231e-05 5.51365527e-03 6.39414105e-02
  2.09589210e-01 2.14321888e-03 3.95735315e-06]
 [9.85927428e-07 6.70853661e-04 6.39414105e-02 3.01532078e-01
  6.39414105e-02 6.70853661e-04 9.85927428e-07]
 [3.95735315e-06 2.14321888e-03 2.09589210e-01 6.39414105e-02
  5.51365527e-03 5.55872231e-05 1.02508397e-08]
 [1.59430438e-06 4.95526799e-04 2.14321888e-03 6.70853661e-04
  5.55872231e-05 1.59388930e-07 2.89974585e-11]
 [1.73233359e-07 1.59430438e-06 3.95735315e-06 9.85927428e-07
  1.02508397e-08 2.89974585e-11 6.48187589e-19]]"
2.0785266300682523,0.6717203451052014,1.5241515786080346,0.5126762642295131,"[2.73578533e-14 2.05727638e-12 2.41659344e-06 3.00622313e-05
 3.07774796e-01 2.55487060e-02 3.33288039e-01 2.55487060e-02
 3.07774796e-01 3.00622313e-05 2.41659344e-06 2.05727638e-12
 2.73578533e-14]","[9.07124414e-36 6.58740159e-21 2.90390820e-13 9.57334505e-08
 1.56277510e-04 2.55786725e-02 9.48529909e-01 2.55786725e-02
 1.56277510e-04 9.57334505e-08 2.90390820e-13 6.58740159e-21
 9.07124410e-36]","[[9.07124414e-36 3.29370080e-21 8.94487861e-17 6.38927363e-13
  1.05934357e-11 1.02863819e-12 2.73578533e-14]
 [3.29370080e-21 2.90211922e-13 4.78660863e-08 1.50395778e-06
  1.50311150e-05 2.41657225e-06 1.02863819e-12]
 [8.94487861e-17 4.78660863e-08 1.53269573e-04 1.27743051e-02
  3.07771788e-01 1.50311150e-05 1.05934357e-11]
 [6.38927363e-13 1.50395778e-06 1.27743051e-02 3.32981500e-01
  1.27743051e-02 1.50395778e-06 6.38927363e-13]
 [1.05934357e-11 1.50311150e-05 3.07771788e-01 1.27743051e-02
  1.53269573e-04 4.78660863e-08 8.94487861e-17]
 [1.02863819e-12 2.41657225e-06 1.50311150e-05 1.50395778e-06
  4.78660863e-08 2.90211922e-13 3.29370080e-21]
 [2.73578533e-14 1.02863819e-12 1.05934357e-11 6.38927363e-13
  8.94487861e-17 3.29370080e-21 9.07124410e-36]]","[5.85052292e-08 1.05244243e-06 5.74788763e-04 3.95912965e-03
 2.05086344e-01 1.36767979e-01 3.07221296e-01 1.36767979e-01
 2.05086344e-01 3.95912965e-03 5.74788763e-04 1.05244243e-06
 5.85052292e-08]","[1.06533723e-18 4.06006164e-11 2.25936658e-07 1.64125429e-04
 8.62751661e-03 1.40564035e-01 7.01288193e-01 1.40564035e-01
 8.62751661e-03 1.64125429e-04 2.25936658e-07 4.06006164e-11
 1.06533723e-18]","[[1.06533723e-18 2.03003082e-11 4.76231541e-09 3.06787711e-07
  1.29822789e-06 5.26221216e-07 5.85052292e-08]
 [2.03003082e-11 2.16412027e-07 8.17559266e-05 7.28925939e-04
  1.97925804e-03 5.72192307e-04 5.26221216e-07]
 [4.76231541e-09 8.17559266e-05 7.16706827e-03 6.83022334e-02
  2.03628483e-01 1.97925804e-03 1.29822789e-06]
 [3.06787711e-07 7.28925939e-04 6.83022334e-02 2.92886726e-01
  6.83022334e-02 7.28925939e-04 3.06787711e-07]
 [1.29822789e-06 1.97925804e-03 2.03628483e-01 6.83022334e-02
  7.16706827e-03 8.17559266e-05 4.76231541e-09]
 [5.26221216e-07 5.72192307e-04 1.97925804e-03 7.28925939e-04
  8.17559266e-05 2.16412027e-07 2.03003082e-11]
 [5.85052292e-08 5.26221216e-07 1.29822789e-06 3.06787711e-07
  4.76231541e-09 2.03003082e-11 1.06533723e-18]]"
2.1752607711541896,0.7451503153667833,1.5660018360459134,0.5662566967259728,"[8.06050243e-16 7.49484427e-14 3.37235648e-06 3.96025357e-05
 2.84001285e-01 3.14646659e-02 3.68982149e-01 3.14646659e-02
 2.84001285e-01 3.96025357e-05 3.37235648e-06 7.49484427e-14
 8.06050243e-16]","[6.40269440e-36 1.78172921e-21 4.39266675e-13 1.53578493e-07
 2.66364673e-04 3.15041148e-02 9.36458734e-01 3.15041148e-02
 2.66364673e-04 1.53578493e-07 4.39266675e-13 1.78172921e-21
 6.40269448e-36]","[[6.40269440e-36 8.90864606e-22 1.18863276e-17 2.27281194e-14
  4.98872877e-13 3.74742214e-14 8.06050243e-16]
 [8.90864606e-22 4.39242902e-13 7.67892237e-08 2.32034722e-06
  1.98012678e-05 3.37235548e-06 3.74742214e-14]
 [1.18863276e-17 7.67892237e-08 2.61723977e-04 1.57322562e-02
  2.83996644e-01 1.98012678e-05 4.98872877e-13]
 [2.27281194e-14 2.32034722e-06 1.57322562e-02 3.68458701e-01
  1.57322562e-02 2.32034722e-06 2.27281194e-14]
 [4.98872877e-13 1.98012678e-05 2.83996644e-01 1.57322562e-02
  2.61723977e-04 7.67892237e-08 1.18863276e-17]
 [3.74742214e-14 3.37235548e-06 1.98012678e-05 2.32034722e-06
  7.67892237e-08 4.39242902e-13 8.90864606e-22]
 [8.06050243e-16 3.74742214e-14 4.98872877e-13 2.27281194e-14
  1.18863276e-17 8.90864606e-22 6.40269448e-36]]","[9.56817658e-09 1.90168378e-07 6.22581796e-04 3.93500337e-03
 1.88374995e-01 1.43343613e-01 3.27447215e-01 1.43343613e-01
 1.88374995e-01 3.93500337e-03 6.22581796e-04 1.90168378e-07
 9.56817658e-09]","[8.52765284e-19 2.01183382e-11 2.39407320e-07 1.93550318e-04
 9.81925057e-03 1.47085256e-01 6.85803408e-01 1.47085256e-01
 9.81925057e-03 1.93550318e-04 2.39407320e-07 2.01183382e-11
 8.52765290e-19]","[[8.52765284e-19 1.00591691e-11 1.57305257e-09 5.92513173e-08
  2.63402488e-07 9.50841891e-08 9.56817658e-09]
 [1.00591691e-11 2.36261215e-07 9.67159079e-05 8.08273737e-04
  1.96744244e-03 6.22054991e-04 9.50841891e-08]
 [1.57305257e-09 9.67159079e-05 8.20217629e-03 7.15750903e-02
  1.86758444e-01 1.96744244e-03 2.63402488e-07]
 [5.92513173e-08 8.08273737e-04 7.15750903e-02 3.11042390e-01
  7.15750903e-02 8.08273737e-04 5.92513173e-08]
 [2.63402488e-07 1.96744244e-03 1.86758444e-01 7.15750903e-02
  8.20217629e-03 9.67159079e-05 1.57305257e-09]
 [9.50841891e-08 6.22054991e-04 1.96744244e-03 8.08273737e-04
  9.67159079e-05 2.36261215e-07 1.00591691e-11]
 [9.56817658e-09 9.50841891e-08 2.63402488e-07 5.92513173e-08
  1.57305257e-09 1.00591691e-11 8.52765290e-19]]"
2.2054141628348796,0.7619920010633565,1.5515182454984178,0.5670696221907603,"[1.46791111e-17 2.19482170e-15 2.95207368e-06 4.44546368e-05
 2.58089609e-01 3.70891064e-02 4.09547756e-01 3.70891064e-02
 2.58089609e-01 4.44546368e-05 2.95207368e-06 2.19482170e-15
 1.46791111e-17]","[1.75923160e-36 4.01837008e-22 4.56377841e-13 1.71959983e-07
 3.75157061e-04 3.71333891e-02 9.24982564e-01 3.71333891e-02
 3.75157061e-04 1.71959983e-07 4.56377841e-13 4.01837008e-22
 1.75923159e-36]","[[1.75923160e-36 2.00918504e-22 1.96300035e-18 8.74983603e-16
  2.25812668e-14 1.09741085e-15 1.46791111e-17]
 [2.00918504e-22 4.56373915e-13 8.59799907e-08 2.68874655e-06
  2.22273184e-05 2.95207363e-06 1.09741085e-15]
 [1.96300035e-18 8.59799907e-08 3.69779568e-04 1.85444672e-02
  2.58084232e-01 2.22273184e-05 2.25812668e-14]
 [8.74983603e-16 2.68874655e-06 1.85444672e-02 4.08808197e-01
  1.85444672e-02 2.68874655e-06 8.74983603e-16]
 [2.25812668e-14 2.22273184e-05 2.58084232e-01 1.85444672e-02
  3.69779568e-04 8.59799907e-08 1.96300035e-18]
 [1.09741085e-15 2.95207363e-06 2.22273184e-05 2.68874655e-06
  8.59799907e-08 4.56373915e-13 2.00918504e-22]
 [1.46791111e-17 1.09741085e-15 2.25812668e-14 8.74983603e-16
  1.96300035e-18 2.00918504e-22 1.75923159e-36]]","[1.27189213e-09 3.14864692e-08 5.70946292e-04 3.84462272e-03
 1.76155820e-01 1.48026710e-01 3.42803735e-01 1.48026710e-01
 1.76155820e-01 3.84462272e-03 5.70946292e-04 3.14864692e-08
 1.27189213e-09]","[4.40313406e-19 9.41125651e-12 2.31464686e-07 2.00236331e-04
 1.04954670e-02 1.51671128e-01 6.75265874e-01 1.51671128e-01
 1.04954670e-02 2.00236331e-04 2.31464686e-07 9.41125651e-12
 4.40313405e-19]","[[4.40313406e-19 4.70562826e-12 5.80591272e-10 1.27646427e-08
  5.41511920e-08 1.57432346e-08 1.27189213e-09]
 [4.70562826e-12 2.30303504e-07 1.00105401e-04 8.30205568e-04
  1.92229859e-03 5.70837989e-04 1.57432346e-08]
 [5.80591272e-10 1.00105401e-04 8.83494751e-03 7.39132497e-02
  1.74495408e-01 1.92229859e-03 5.41511920e-08]
 [1.27646427e-08 8.30205568e-04 7.39132497e-02 3.25133380e-01
  7.39132497e-02 8.30205568e-04 1.27646427e-08]
 [5.41511920e-08 1.92229859e-03 1.74495408e-01 7.39132497e-02
  8.83494751e-03 1.00105401e-04 5.80591272e-10]
 [1.57432346e-08 5.70837989e-04 1.92229859e-03 8.30205568e-04
  1.00105401e-04 2.30303504e-07 4.70562826e-12]
 [1.27189213e-09 1.57432346e-08 5.41511920e-08 1.27646427e-08
  5.80591272e-10 4.70562826e-12 4.40313405e-19]]"
2.2108283296635935,0.7594056410141807,1.5228779269651265,0.5524119034597754,"[2.65298862e-19 8.40769357e-17 1.97522180e-06 4.25377791e-05
 2.42102989e-01 4.18053837e-02 4.32094229e-01 4.18053837e-02
 2.42102989e-01 4.25377791e-05 1.97522180e-06 8.40769357e-17
 2.65298862e-19]","[2.98321106e-37 9.16981697e-23 4.01782006e-13 1.66379646e-07
 4.80854961e-04 4.18477551e-02 9.15342447e-01 4.18477551e-02
 4.80854961e-04 1.66379646e-07 4.01782006e-13 9.16981697e-23
 2.98321098e-37]","[[2.98321106e-37 4.58490848e-23 4.61952627e-19 6.45880209e-17
  1.42528835e-15 4.20384678e-17 2.65298862e-19]
 [4.58490848e-23 4.01781082e-13 8.31898230e-08 2.62506113e-06
  2.12688896e-05 1.97522180e-06 4.20384678e-17]
 [4.61952627e-19 8.31898230e-08 4.75604839e-04 2.09026087e-02
  2.42097739e-01 2.12688896e-05 1.42528835e-15]
 [6.45880209e-17 2.62506113e-06 2.09026087e-02 4.31143019e-01
  2.09026087e-02 2.62506113e-06 6.45880209e-17]
 [1.42528835e-15 2.12688896e-05 2.42097739e-01 2.09026087e-02
  4.75604839e-04 8.31898230e-08 4.61952627e-19]
 [4.20384678e-17 1.97522180e-06 2.12688896e-05 2.62506113e-06
  8.31898230e-08 4.01781082e-13 4.58490848e-23]
 [2.65298862e-19 4.20384678e-17 1.42528835e-15 6.45880209e-17
  4.61952627e-19 4.58490848e-23 2.98321098e-37]]","[1.70526713e-10 5.91107717e-09 4.65409625e-04 3.58961765e-03
 1.68999830e-01 1.51956663e-01 3.49976947e-01 1.51956663e-01
 1.68999830e-01 3.58961765e-03 4.65409625e-04 5.91107717e-09
 1.70526713e-10]","[1.80828433e-19 4.48358805e-12 2.13282325e-07 1.95635609e-04
 1.09568253e-02 1.55350651e-01 6.66993350e-01 1.55350651e-01
 1.09568253e-02 1.95635609e-04 2.13282325e-07 4.48358805e-12
 1.80828430e-19]","[[1.80828433e-19 2.24179402e-12 2.61509036e-10 3.76274028e-09
  1.34104664e-08 2.95553858e-09 1.70526713e-10]
 [2.24179402e-12 2.12759307e-07 9.78140417e-05 8.02944008e-04
  1.79480506e-03 4.65382804e-04 2.95553858e-09]
 [2.61509036e-10 9.78140417e-05 9.35091050e-03 7.58805174e-02
  1.67393942e-01 1.79480506e-03 1.34104664e-08]
 [3.76274028e-09 8.02944008e-04 7.58805174e-02 3.31274700e-01
  7.58805174e-02 8.02944008e-04 3.76274028e-09]
 [1.34104664e-08 1.79480506e-03 1.67393942e-01 7.58805174e-02
  9.35091050e-03 9.78140417e-05 2.61509036e-10]
 [2.95553858e-09 4.65382804e-04 1.79480506e-03 8.02944008e-04
  9.78140417e-05 2.12759307e-07 2.24179402e-12]
 [1.70526713e-10 2.95553858e-09 1.34104664e-08 3.76274028e-09
  2.61509036e-10 2.24179402e-12 1.80828430e-19]]"
2.213509618773065,0.7549234911892957,1.4969858627455868,0.5380710494153851,"[5.22376871e-21 4.64227471e-18 1.13916318e-06 3.69687672e-05
 2.33054159e-01 4.60510873e-02 4.41713292e-01 4.60510873e-02
 2.33054159e-01 3.69687672e-05 1.13916318e-06 4.64227471e-18
 5.22376871e-21]","[3.77829629e-38 2.12048659e-23 3.22855377e-13 1.50803060e-07
 5.88561930e-04 4.60879052e-02 9.06646764e-01 4.60879052e-02
 5.88561930e-04 1.50803060e-07 3.22855377e-13 2.12048659e-23
 3.77829623e-38]","[[3.77829629e-38 1.06024330e-23 1.32517724e-19 8.55624136e-18
  1.27148043e-16 2.32113735e-18 5.22376871e-21]
 [1.06024330e-23 3.22855112e-13 7.54015301e-08 2.34530980e-06
  1.84843836e-05 1.13916318e-06 2.32113735e-18]
 [1.32517724e-19 7.54015301e-08 5.83871310e-04 2.30254682e-02
  2.33049468e-01 1.84843836e-05 1.27148043e-16]
 [8.55624136e-18 2.34530980e-06 2.30254682e-02 4.40545550e-01
  2.30254682e-02 2.34530980e-06 8.55624136e-18]
 [1.27148043e-16 1.84843836e-05 2.33049468e-01 2.30254682e-02
  5.83871310e-04 7.54015301e-08 1.32517724e-19]
 [2.32113735e-18 1.13916318e-06 1.84843836e-05 2.34530980e-06
  7.54015301e-08 3.22855112e-13 1.06024330e-23]
 [5.22376871e-21 2.32113735e-18 1.27148043e-16 8.55624136e-18
  1.32517724e-19 1.06024330e-23 3.77829623e-38]]","[2.38965092e-11 1.30223799e-09 3.52913748e-04 3.23536941e-03
 1.64522391e-01 1.55501709e-01 3.52775230e-01 1.55501709e-01
 1.64522391e-01 3.23536941e-03 3.52913748e-04 1.30223799e-09
 2.38965092e-11]","[6.42673658e-20 2.15317522e-12 1.89563727e-07 1.85435442e-04
 1.13269956e-02 1.58551645e-01 6.59871470e-01 1.58551645e-01
 1.13269956e-02 1.85435442e-04 1.89563727e-07 2.15317522e-12
 6.42673653e-20]","[[6.42673658e-20 1.07658761e-12 1.33114900e-10 1.40901077e-09
  3.97462081e-09 6.51118996e-10 2.38965092e-11]
 [1.07658761e-12 1.89297497e-07 9.27163122e-05 7.48369474e-04
  1.61768329e-03 3.52905799e-04 6.51118996e-10]
 [1.33114900e-10 9.27163122e-05 9.83024867e-03 7.76581383e-02
  1.63025652e-01 1.61768329e-03 3.97462081e-09]
 [1.40901077e-09 7.48369474e-04 7.76581383e-02 3.33114354e-01
  7.76581383e-02 7.48369474e-04 1.40901077e-09]
 [3.97462081e-09 1.61768329e-03 1.63025652e-01 7.76581383e-02
  9.83024867e-03 9.27163122e-05 1.33114900e-10]
 [6.51118996e-10 3.52905799e-04 1.61768329e-03 7.48369474e-04
  9.27163122e-05 1.89297497e-07 1.07658761e-12]
 [2.38965092e-11 6.51118996e-10 3.97462081e-09 1.40901077e-09
  1.33114900e-10 1.07658761e-12 6.42673653e-20]]"
2.2179319382021747,0.7522958001073468,1.475993620484319,0.5268388091694933,"[1.10599207e-22 3.47915087e-19 5.97331544e-07 3.01836592e-05
 2.27578275e-01 5.00559694e-02 4.44669950e-01 5.00559694e-02
 2.27578275e-01 3.01836592e-05 5.97331544e-07 3.47915087e-19
 1.10599207e-22]","[3.85207117e-39 4.82104473e-24 2.42161547e-13 1.31422640e-07
 7.01223568e-04 5.00860217e-02 8.98425247e-01 5.00860217e-02
 7.01223568e-04 1.31422640e-07 2.42161547e-13 4.82104473e-24
 3.85207124e-39]","[[3.85207117e-39 2.41052237e-24 4.06336001e-20 1.54569729e-18
  1.48070954e-17 1.73957544e-19 1.10599207e-22]
 [2.41052237e-24 2.42161466e-13 6.57113202e-08 1.98465337e-06
  1.50918296e-05 5.97331544e-07 1.73957544e-19]
 [4.06336001e-20 6.57113202e-08 6.97254261e-04 2.50279190e-02
  2.27574305e-01 1.50918296e-05 1.48070954e-17]
 [1.54569729e-18 1.98465337e-06 2.50279190e-02 4.43275441e-01
  2.50279190e-02 1.98465337e-06 1.54569729e-18]
 [1.48070954e-17 1.50918296e-05 2.27574305e-01 2.50279190e-02
  6.97254261e-04 6.57113202e-08 4.06336001e-20]
 [1.73957544e-19 5.97331544e-07 1.50918296e-05 1.98465337e-06
  6.57113202e-08 2.42161466e-13 2.41052237e-24]
 [1.10599207e-22 1.73957544e-19 1.48070954e-17 1.54569729e-18
  4.06336001e-20 2.41052237e-24 3.85207124e-39]]","[3.46943060e-12 3.30687623e-10 2.54978343e-04 2.84376619e-03
 1.61346116e-01 1.58802357e-01 3.53505565e-01 1.58802357e-01
 1.61346116e-01 2.84376619e-03 2.54978343e-04 3.30687623e-10
 3.46943060e-12]","[2.04752565e-20 1.02440259e-12 1.63199617e-07 1.72268039e-04
 1.16583476e-02 1.61473855e-01 6.53390731e-01 1.61473855e-01
 1.16583476e-02 1.72268039e-04 1.63199617e-07 1.02440259e-12
 2.04752567e-20]","[[2.04752565e-20 5.12201297e-13 7.12269641e-11 5.98730728e-10
  1.34690959e-09 1.65343811e-10 3.46943060e-12]
 [5.12201297e-13 1.63057163e-07 8.61334210e-05 6.80518376e-04
  1.42188249e-03 2.54975649e-04 1.65343811e-10]
 [7.12269641e-11 8.61334210e-05 1.02973081e-02 7.93150451e-02
  1.59985079e-01 1.42188249e-03 1.34690959e-09]
 [5.98730728e-10 6.80518376e-04 7.93150451e-02 3.32910623e-01
  7.93150451e-02 6.80518376e-04 5.98730728e-10]
 [1.34690959e-09 1.42188249e-03 1.59985079e-01 7.93150451e-02
  1.02973081e-02 8.61334210e-05 7.12269641e-11]
 [1.65343811e-10 2.54975649e-04 1.42188249e-03 6.80518376e-04
  8.61334210e-05 1.63057163e-07 5.12201297e-13]
 [3.46943060e-12 1.65343811e-10 1.34690959e-09 5.98730728e-10
  7.12269641e-11 5.12201297e-13 2.04752567e-20]]"
2.224427078233381,0.7518858557673527,1.4591232330561055,0.5185624121771413,"[2.42620776e-24 3.17665715e-20 2.91875943e-07 2.35408104e-05
 2.23855296e-01 5.39321185e-02 4.44377506e-01 5.39321185e-02
 2.23855296e-01 2.35408104e-05 2.91875943e-07 3.17665715e-20
 2.42620776e-24]","[3.25913223e-40 1.04837505e-24 1.70818920e-13 1.11139178e-07
 8.20773445e-04 5.39555482e-02 8.90447134e-01 5.39555482e-02
 8.20773445e-04 1.11139178e-07 1.70818920e-13 1.04837505e-24
 3.25913169e-40]","[[3.25913223e-40 5.24187523e-25 1.23891571e-20 3.17480825e-19
  2.06661297e-18 1.58832857e-20 2.42620776e-24]
 [5.24187523e-25 1.70818896e-13 5.55695892e-08 1.61440331e-06
  1.17704052e-05 2.91875943e-07 1.58832857e-20]
 [1.23891571e-20 5.55695892e-08 8.17544638e-04 2.69660037e-02
  2.23852067e-01 1.17704052e-05 2.06661297e-18]
 [3.17480825e-19 1.61440331e-06 2.69660037e-02 4.42742417e-01
  2.69660037e-02 1.61440331e-06 3.17480825e-19]
 [2.06661297e-18 1.17704052e-05 2.23852067e-01 2.69660037e-02
  8.17544638e-04 5.55695892e-08 1.23891571e-20]
 [1.58832857e-20 2.91875943e-07 1.17704052e-05 1.61440331e-06
  5.55695892e-08 1.70818896e-13 5.24187523e-25]
 [2.42620776e-24 1.58832857e-20 2.06661297e-18 3.17480825e-19
  1.23891571e-20 5.24187523e-25 3.25913169e-40]]","[5.12195539e-13 9.34180375e-11 1.77654928e-04 2.45245505e-03
 1.58807802e-01 1.61936278e-01 3.53251620e-01 1.61936278e-01
 1.58807802e-01 2.45245505e-03 1.77654928e-04 9.34180375e-11
 5.12195539e-13]","[5.93639496e-21 4.76153646e-13 1.36337611e-07 1.57518569e-04
 1.19782164e-02 1.64231215e-01 6.47265828e-01 1.64231215e-01
 1.19782164e-02 1.57518569e-04 1.36337611e-07 4.76153646e-13
 5.93639447e-21]","[[5.93639496e-21 2.38076823e-13 3.83986578e-11 2.69176796e-10
  4.99079047e-10 4.67090188e-11 5.12195539e-13]
 [2.38076823e-13 1.36260814e-07 7.87590155e-05 6.07392578e-04
  1.22622726e-03 1.77653930e-04 4.67090188e-11]
 [3.83986578e-11 7.87590155e-05 1.07634303e-02 8.08893800e-02
  1.57593017e-01 1.22622726e-03 4.99079047e-10]
 [2.69176796e-10 6.07392578e-04 8.08893800e-02 3.31724487e-01
  8.08893800e-02 6.07392578e-04 2.69176796e-10]
 [4.99079047e-10 1.22622726e-03 1.57593017e-01 8.08893800e-02
  1.07634303e-02 7.87590155e-05 3.83986578e-11]
 [4.67090188e-11 1.77653930e-04 1.22622726e-03 6.07392578e-04
  7.87590155e-05 1.36260814e-07 2.38076823e-13]
 [5.12195539e-13 4.67090188e-11 4.99079047e-10 2.69176796e-10
  3.83986578e-11 2.38076823e-13 5.93639447e-21]]"
2.232627063250076,0.7533895950284881,1.4453882748454396,0.5126400727631721,"[5.28782794e-26 3.21374305e-21 1.34404458e-07 1.76819121e-05
 2.20990841e-01 5.77431483e-02 4.42496388e-01 5.77431483e-02
 2.20990841e-01 1.76819121e-05 1.34404458e-07 3.21374305e-21
 5.28782794e-26]","[2.30953403e-41 2.13080065e-25 1.13541672e-13 9.14682954e-08
 9.48753839e-04 5.77607388e-02 8.82580832e-01 5.77607388e-02
 9.48753839e-04 9.14682954e-08 1.13541672e-13 2.13080065e-25
 2.30953445e-41]","[[2.30953403e-41 1.06540033e-25 3.61363013e-21 6.78860964e-20
  3.22075135e-19 1.60687152e-21 5.28782794e-26]
 [1.06540033e-25 1.13541665e-13 4.57341477e-08 1.27039967e-06
  8.84095604e-06 1.34404458e-07 1.60687152e-21]
 [3.61363013e-21 4.57341477e-08 9.46213040e-04 2.88715284e-02
  2.20988300e-01 8.84095604e-06 3.22075135e-19]
 [6.78860964e-20 1.27039967e-06 2.88715284e-02 4.40603962e-01
  2.88715284e-02 1.27039967e-06 6.78860964e-20]
 [3.22075135e-19 8.84095604e-06 2.20988300e-01 2.88715284e-02
  9.46213040e-04 4.57341477e-08 3.61363013e-21]
 [1.60687152e-21 1.34404458e-07 8.84095604e-06 1.27039967e-06
