1.1518478651859212,0.15654892662420083,0.5375955773169716,0.013748014234017614,"[8.93646710e-09 9.49149138e-06 4.60374554e-01 7.92318903e-02
 4.60374554e-01 9.49149138e-06 8.93646710e-09]","[3.50776886e-13 8.39632497e-07 3.96254366e-02 9.20747447e-01
 3.96254366e-02 8.39632497e-07 3.50776886e-13]","[[3.50776886e-13 4.19816248e-07 4.74574569e-06 8.93646710e-09]
 [4.19816248e-07 3.96159451e-02 4.60373715e-01 4.74574569e-06]
 [4.74574569e-06 4.60373715e-01 3.96159451e-02 4.19816248e-07]
 [8.93646710e-09 4.74574569e-06 4.19816248e-07 3.50776886e-13]]","[5.31449918e-05 2.48192973e-03 3.83031116e-01 2.28867619e-01
 3.83031116e-01 2.48192973e-03 5.31449918e-05]","[3.32962174e-07 7.31053555e-04 1.16915406e-01 7.64706414e-01
 1.16915406e-01 7.31053555e-04 3.32962174e-07]","[[3.32962174e-07 3.65526777e-04 1.24096486e-03 5.31449918e-05]
 [3.65526777e-04 1.14433477e-01 3.82300062e-01 1.24096486e-03]
 [1.24096486e-03 3.82300062e-01 1.14433477e-01 3.65526777e-04]
 [5.31449918e-05 1.24096486e-03 3.65526777e-04 3.32962174e-07]]"
1.149836262452209,0.1582881740369484,0.5483425190443134,0.0176380123100508,"[2.66321972e-08 1.48973689e-05 4.62605789e-01 7.47585742e-02
 4.62605789e-01 1.48973689e-05 2.66321972e-08]","[7.65645913e-13 1.25011080e-06 3.73941845e-02 9.25209131e-01
 3.73941845e-02 1.25011080e-06 7.65645913e-13]","[[7.65645913e-13 6.25055401e-07 7.44868447e-06 2.66321972e-08]
 [6.25055401e-07 3.73792871e-02 4.62604539e-01 7.44868447e-06]
 [7.44868447e-06 4.62604539e-01 3.73792871e-02 6.25055401e-07]
 [2.66321972e-08 7.44868447e-06 6.25055401e-07 7.65645913e-13]]","[9.18374311e-05 3.12660842e-03 3.84757439e-01 2.24048230e-01
 3.84757439e-01 3.12660842e-03 9.18374311e-05]","[4.92413796e-07 8.93721740e-04 1.15150231e-01 7.67911110e-01
 1.15150231e-01 8.93721740e-04 4.92413796e-07]","[[4.92413796e-07 4.46860870e-04 1.56330421e-03 9.18374311e-05]
 [4.46860870e-04 1.12023623e-01 3.83863717e-01 1.56330421e-03]
 [1.56330421e-03 3.83863717e-01 1.12023623e-01 4.46860870e-04]
 [9.18374311e-05 1.56330421e-03 4.46860870e-04 4.92413796e-07]]"
1.1491063411939877,0.161110805058006,0.5606317677959067,0.022488209164571282,"[7.64437686e-08 2.26582475e-05 4.64794499e-01 7.03655319e-02
 4.64794499e-01 2.26582475e-05 7.64437686e-08]","[1.55240208e-12 1.80566610e-06 3.52054242e-02 9.29585540e-01
 3.52054242e-02 1.80566610e-06 1.55240208e-12]","[[1.55240208e-12 9.02833050e-07 1.13291238e-05 7.64437686e-08]
 [9.02833050e-07 3.51827659e-02 4.64792694e-01 1.13291238e-05]
 [1.13291238e-05 4.64792694e-01 3.51827659e-02 9.02833050e-07]
 [7.64437686e-08 1.13291238e-05 9.02833050e-07 1.55240208e-12]]","[1.55648799e-04 3.88059914e-03 3.86325041e-01 2.19277422e-01
 3.86325041e-01 3.88059914e-03 1.55648799e-04]","[7.01417886e-07 1.07558947e-03 1.13518609e-01 7.70810201e-01
 1.13518609e-01 1.07558947e-03 7.01417886e-07]","[[7.01417886e-07 5.37794733e-04 1.94029957e-03 1.55648799e-04]
 [5.37794733e-04 1.09638010e-01 3.85249451e-01 1.94029957e-03]
 [1.94029957e-03 3.85249451e-01 1.09638010e-01 5.37794733e-04]
 [1.55648799e-04 1.94029957e-03 5.37794733e-04 7.01417886e-07]]"
1.1501762493990706,0.16544194677070168,0.5750016692043578,0.02871148438999671,"[2.15769423e-07 3.36047314e-05 4.66942018e-01 6.60483233e-02
 4.66942018e-01 3.36047314e-05 2.15769423e-07]","[2.94862461e-12 2.54927501e-06 3.30577664e-02 9.33879369e-01
 3.30577664e-02 2.54927501e-06 2.94862461e-12]","[[2.94862461e-12 1.27463750e-06 1.68023657e-05 2.15769423e-07]
 [1.27463750e-06 3.30241616e-02 4.66939469e-01 1.68023657e-05]
 [1.68023657e-05 4.66939469e-01 3.30241616e-02 1.27463750e-06]
 [2.15769423e-07 1.68023657e-05 1.27463750e-06 2.94862461e-12]]","[2.61358935e-04 4.76247210e-03 3.87689701e-01 2.14572935e-01
 3.87689701e-01 4.76247210e-03 2.61358935e-04]","[9.66166876e-07 1.27878606e-03 1.12047973e-01 7.73344549e-01
 1.12047973e-01 1.27878606e-03 9.66166876e-07]","[[9.66166876e-07 6.39393028e-04 2.38123605e-03 2.61358935e-04]
 [6.39393028e-04 1.07285501e-01 3.86410915e-01 2.38123605e-03]
 [2.38123605e-03 3.86410915e-01 1.07285501e-01 6.39393028e-04]
 [2.61358935e-04 2.38123605e-03 6.39393028e-04 9.66166876e-07]]"
1.1540041205984248,0.17208895220779885,0.5924544142898857,0.037100638509709016,"[6.11899023e-07 4.88754650e-05 4.69053610e-01 6.17938056e-02
 4.69053610e-01 4.88754650e-05 6.11899023e-07]","[5.27794596e-12 3.54621520e-06 3.09457783e-02 9.38101351e-01
 3.09457783e-02 3.54621520e-06 5.27794596e-12]","[[5.27794596e-12 1.77310760e-06 2.44377325e-05 6.11899023e-07]
 [1.77310760e-06 3.08969028e-02 4.69050064e-01 2.44377325e-05]
 [2.44377325e-05 4.69050064e-01 3.08969028e-02 1.77310760e-06]
 [6.11899023e-07 2.44377325e-05 1.77310760e-06 5.27794596e-12]]","[0.00043929 0.00580064 0.38878294 0.20995426 0.38878294 0.00580064
 0.00043929]","[1.29016025e-06 1.50724297e-03 1.10776480e-01 7.75429974e-01
 1.10776480e-01 1.50724297e-03 1.29016025e-06]","[[1.29016025e-06 7.53621483e-04 2.90032108e-03 4.39289749e-04]
 [7.53621483e-04 1.04975838e-01 3.87275697e-01 2.90032108e-03]
 [2.90032108e-03 3.87275697e-01 1.04975838e-01 7.53621483e-04]
 [4.39289749e-04 2.90032108e-03 7.53621483e-04 1.29016025e-06]]"
1.162578145417424,0.18278411790480642,0.6150866391818489,0.04937218448338765,"[1.78265495e-06 7.01054242e-05 4.71144143e-01 5.75679377e-02
 4.71144143e-01 7.01054242e-05 1.78265495e-06]","[8.95284490e-12 4.91199935e-06 2.88540743e-02 9.42282027e-01
 2.88540743e-02 4.91199935e-06 8.95284490e-12]","[[8.95284490e-12 2.45599968e-06 3.50527121e-05 1.78265495e-06]
 [2.45599968e-06 2.87839688e-02 4.71139231e-01 3.50527121e-05]
 [3.50527121e-05 4.71139231e-01 2.87839688e-02 2.45599968e-06]
 [1.78265495e-06 3.50527121e-05 2.45599968e-06 8.95284490e-12]]","[0.00074659 0.00704269 0.38948827 0.2054449  0.38948827 0.00704269
 0.00074659]","[1.67313080e-06 1.76870665e-03 1.09763468e-01 7.76932305e-01
 1.09763468e-01 1.76870665e-03 1.67313080e-06]","[[1.67313080e-06 8.84353323e-04 3.52134435e-03 7.46591444e-04]
 [8.84353323e-04 1.02720779e-01 3.87719561e-01 3.52134435e-03]
 [3.52134435e-03 3.87719561e-01 1.02720779e-01 8.84353323e-04]
 [7.46591444e-04 3.52134435e-03 8.84353323e-04 1.67313080e-06]]"
1.1805388234437586,0.20176040315298494,0.6478869505557688,0.06976454172944124,"[5.44150058e-06 9.97512900e-05 4.73260350e-01 5.32689137e-02
 4.73260350e-01 9.97512900e-05 5.44150058e-06]","[1.45435525e-11 6.88883646e-06 2.67342081e-02 9.46517806e-01
 2.67342081e-02 6.88883646e-06 1.45435525e-11]","[[1.45435525e-11 3.44441823e-06 4.98756450e-05 5.44150058e-06]
 [3.44441823e-06 2.66344569e-02 4.73253462e-01 4.98756450e-05]
 [4.98756450e-05 4.73253462e-01 2.66344569e-02 3.44441823e-06]
 [5.44150058e-06 4.98756450e-05 3.44441823e-06 1.45435525e-11]]","[0.00129273 0.00857295 0.38959966 0.20106932 0.38959966 0.00857295
 0.00129273]","[2.11341363e-06 2.07898260e-03 1.09105495e-01 7.77626819e-01
 1.09105495e-01 2.07898260e-03 2.11341363e-06]","[[2.11341363e-06 1.03949130e-03 4.28647400e-03 1.29273227e-03]
 [1.03949130e-03 1.00532547e-01 3.87520677e-01 4.28647400e-03]
 [4.28647400e-03 3.87520677e-01 1.00532547e-01 1.03949130e-03]
 [1.29273227e-03 4.28647400e-03 1.03949130e-03 2.11341363e-06]]"
1.2193774603459708,0.240158917569123,0.7037336168465054,0.10959638215726519,"[1.73879310e-05 1.41434334e-04 4.75570459e-01 4.85414379e-02
 4.75570459e-01 1.41434334e-04 1.73879310e-05]","[2.33070252e-11 1.00452339e-05 2.44121532e-02 9.51155603e-01
 2.44121532e-02 1.00452339e-05 2.33070252e-11]","[[2.33070252e-11 5.02261694e-06 7.07171671e-05 1.73879310e-05]
 [5.02261694e-06 2.42707189e-02 4.75560414e-01 7.07171671e-05]
 [7.07171671e-05 4.75560414e-01 2.42707189e-02 5.02261694e-06]
 [1.73879310e-05 7.07171671e-05 5.02261694e-06 2.33070252e-11]]","[0.00226642 0.01052857 0.38881127 0.19678749 0.38881127 0.01052857
 0.00226642]","[2.62397064e-06 2.46681027e-03 1.08919696e-01 7.77221740e-01
 1.08919696e-01 2.46681027e-03 2.62397064e-06]","[[2.62397064e-06 1.23340514e-03 5.26428692e-03 2.26641535e-03]
 [1.23340514e-03 9.83911217e-02 3.86344455e-01 5.26428692e-03]
 [5.26428692e-03 3.86344455e-01 9.83911217e-02 1.23340514e-03]
 [2.26641535e-03 5.26428692e-03 1.23340514e-03 2.62397064e-06]]"
1.295630310630663,0.3160671854316984,0.8038058874311145,0.18789266003191996,"[5.11744509e-05 1.98312309e-04 4.78542232e-01 4.24165625e-02
 4.78542232e-01 1.98312309e-04 5.11744509e-05]","[3.88746043e-11 1.52542460e-05 2.14065935e-02 9.57156304e-01
 2.14065935e-02 1.52542460e-05 3.88746043e-11]","[[3.88746043e-11 7.62712299e-06 9.91561543e-05 5.11744509e-05]
 [7.62712299e-06 2.12082812e-02 4.78526978e-01 9.91561543e-05]
 [9.91561543e-05 4.78526978e-01 2.12082812e-02 7.62712299e-06]
 [5.11744509e-05 9.91561543e-05 7.62712299e-06 3.88746043e-11]]","[0.00374269 0.01291655 0.38724698 0.19218754 0.38724698 0.01291655
 0.00374269]","[3.26204872e-06 2.93379117e-03 1.09007062e-01 7.76111769e-01
 1.09007062e-01 2.93379117e-03 3.26204872e-06]","[[3.26204872e-06 1.46689558e-03 6.45827724e-03 3.74269165e-03]
 [1.46689558e-03 9.60905078e-02 3.84313193e-01 6.45827724e-03]
 [6.45827724e-03 3.84313193e-01 9.60905078e-02 1.46689558e-03]
 [3.74269165e-03 6.45827724e-03 1.46689558e-03 3.26204872e-06]]"
1.3448154632972806,0.3696711632635662,0.8796713379155183,0.24517506483937557,"[8.18487918e-05 2.51449502e-04 4.81465188e-01 3.64030271e-02
 4.81465188e-01 2.51449502e-04 8.18487918e-05]","[5.92243872e-11 1.93104366e-05 1.84529630e-02 9.63055453e-01
 1.84529630e-02 1.93104366e-05 5.92243872e-11]","[[5.92243872e-11 9.65521828e-06 1.25724751e-04 8.18487918e-05]
 [9.65521828e-06 1.82015135e-02 4.81445878e-01 1.25724751e-04]
 [1.25724751e-04 4.81445878e-01 1.82015135e-02 9.65521828e-06]
 [8.18487918e-05 1.25724751e-04 9.65521828e-06 5.92243872e-11]]","[0.00461831 0.0145434  0.38715871 0.18735917 0.38715871 0.0145434
 0.00461831]","[3.92850509e-06 3.22796438e-03 1.08219054e-01 7.77098106e-01
 1.08219054e-01 3.22796438e-03 3.92850509e-06]","[[3.92850509e-06 1.61398219e-03 7.27169991e-03 4.61831093e-03]
 [1.61398219e-03 9.36756541e-02 3.83930742e-01 7.27169991e-03]
 [7.27169991e-03 3.83930742e-01 9.36756541e-02 1.61398219e-03]
 [4.61831093e-03 7.27169991e-03 1.61398219e-03 3.92850509e-06]]"
1.292686658942495,0.32139561577506126,0.8278790501304445,0.19748256513649465,"[5.56404215e-05 2.48331560e-04 4.81442802e-01 3.65064530e-02
 4.81442802e-01 2.48331560e-04 5.56404215e-05]","[6.21416905e-11 1.70808898e-05 1.85015580e-02 9.62962722e-01
 1.85015580e-02 1.70808898e-05 6.21416905e-11]","[[6.21416905e-11 8.54044490e-06 1.24165780e-04 5.56404215e-05]
 [8.54044490e-06 1.82532264e-02 4.81425721e-01 1.24165780e-04]
 [1.24165780e-04 4.81425721e-01 1.82532264e-02 8.54044490e-06]
 [5.56404215e-05 1.24165780e-04 8.54044490e-06 6.21416905e-11]]","[0.00390834 0.01408363 0.38909797 0.18582013 0.38909797 0.01408363
 0.00390834]","[4.13036270e-06 3.11646038e-03 1.06989562e-01 7.79779694e-01
 1.06989562e-01 3.11646038e-03 4.13036270e-06]","[[4.13036270e-06 1.55823019e-03 7.04181298e-03 3.90833574e-03]
 [1.55823019e-03 9.29059364e-02 3.85981511e-01 7.04181298e-03]
 [7.04181298e-03 3.85981511e-01 9.29059364e-02 1.55823019e-03]
 [3.90833574e-03 7.04181298e-03 1.55823019e-03 4.13036270e-06]]"
1.2354933755572917,0.2648056714209862,0.7551068321441414,0.13927639281802495,"[2.70549327e-05 2.08307069e-04 4.79718449e-01 4.00923788e-02
 4.79718449e-01 2.08307069e-04 2.70549327e-05]","[5.09769898e-11 1.34013424e-05 2.02544964e-02 9.59464204e-01
 2.02544964e-02 1.34013424e-05 5.09769898e-11]","[[5.09769898e-11 6.70067119e-06 1.04153534e-04 2.70549327e-05]
 [6.70067119e-06 2.00461893e-02 4.79705047e-01 1.04153534e-04]
 [1.04153534e-04 4.79705047e-01 2.00461893e-02 6.70067119e-06]
 [2.70549327e-05 1.04153534e-04 6.70067119e-06 5.09769898e-11]]","[0.0028044  0.01261817 0.39062032 0.18791423 0.39062032 0.01261817
 0.0028044 ]","[3.84948929e-06 2.83725854e-03 1.06571436e-01 7.81174912e-01
 1.06571436e-01 2.83725854e-03 3.84948929e-06]","[[3.84948929e-06 1.41862927e-03 6.30908641e-03 2.80439543e-03]
 [1.41862927e-03 9.39532634e-02 3.87783060e-01 6.30908641e-03]
 [6.30908641e-03 3.87783060e-01 9.39532634e-02 1.41862927e-03]
 [2.80439543e-03 6.30908641e-03 1.41862927e-03 3.84948929e-06]]"
1.1993243717858113,0.22776088972332076,0.7011683678969738,0.10031754819393046,"[1.22148719e-05 1.63476188e-04 4.77635457e-01 4.43777046e-02
 4.77635457e-01 1.63476188e-04 1.22148719e-05]","[3.70640200e-11 1.03506716e-05 2.23523284e-02 9.55274642e-01
 2.23523284e-02 1.03506716e-05 3.70640200e-11]","[[3.70640200e-11 5.17533580e-06 8.17380942e-05 1.22148719e-05]
 [5.17533580e-06 2.21888522e-02 4.77625106e-01 8.17380942e-05]
 [8.17380942e-05 4.77625106e-01 2.21888522e-02 5.17533580e-06]
 [1.22148719e-05 8.17380942e-05 5.17533580e-06 3.70640200e-11]]","[0.00191873 0.01099234 0.39128661 0.19160463 0.39128661 0.01099234
 0.00191873]","[3.34230657e-06 2.53485475e-03 1.06791312e-01 7.81340983e-01
 1.06791312e-01 2.53485475e-03 3.34230657e-06]","[[3.34230657e-06 1.26742738e-03 5.49616925e-03 1.91873271e-03]
 [1.26742738e-03 9.57989732e-02 3.88751759e-01 5.49616925e-03]
 [5.49616925e-03 3.88751759e-01 9.57989732e-02 1.26742738e-03]
 [1.91873271e-03 5.49616925e-03 1.26742738e-03 3.34230657e-06]]"
1.177318408575029,0.20410319201248694,0.662141229538788,0.07482327317422222,"[5.39365636e-06 1.23949428e-04 4.75509004e-01 4.87233058e-02
 4.75509004e-01 1.23949428e-04 5.39365636e-06]","[2.49568464e-11 7.95244077e-06 2.44856023e-02 9.51012890e-01
 2.44856023e-02 7.95244077e-06 2.49568464e-11]","[[2.49568464e-11 3.97622038e-06 6.19747142e-05 5.39365636e-06]
 [3.97622038e-06 2.43616529e-02 4.75501052e-01 6.19747142e-05]
 [6.19747142e-05 4.75501052e-01 2.43616529e-02 3.97622038e-06]
 [5.39365636e-06 6.19747142e-05 3.97622038e-06 2.49568464e-11]]","[0.00128911 0.00944572 0.39133013 0.19587008 0.39133013 0.00944572
 0.00128911]","[2.77295875e-06 2.24245690e-03 1.07377982e-01 7.80753577e-01
 1.07377982e-01 2.24245690e-03 2.77295875e-06]","[[2.77295875e-06 1.12122845e-03 4.72285849e-03 1.28911064e-03]
 [1.12122845e-03 9.79322646e-02 3.89087678e-01 4.72285849e-03]
 [4.72285849e-03 3.89087678e-01 9.79322646e-02 1.12122845e-03]
 [1.28911064e-03 4.72285849e-03 1.12122845e-03 2.77295875e-06]]"
1.1637715980913992,0.18836919954946307,0.6326135831254165,0.05732082181920961,"[2.34329926e-06 9.17463525e-05 4.73391218e-01 5.30293850e-02
 4.73391218e-01 9.17463525e-05 2.34329926e-06]","[1.58445637e-11 6.06313869e-06 2.66064389e-02 9.46774996e-01
 2.66064389e-02 6.06313869e-06 1.58445637e-11]","[[1.58445637e-11 3.03156934e-06 4.58731763e-05 2.34329926e-06]
 [3.03156934e-06 2.65146925e-02 4.73385155e-01 4.58731763e-05]
 [4.58731763e-05 4.73385155e-01 2.65146925e-02 3.03156934e-06]
 [2.34329926e-06 4.58731763e-05 3.03156934e-06 1.58445637e-11]]","[0.00085547 0.00803877 0.39092676 0.200358   0.39092676 0.00803877
 0.00085547]","[2.22448945e-06 1.96787856e-03 1.08215544e-01 7.79628705e-01
 1.08215544e-01 1.96787856e-03 2.22448945e-06]","[[2.22448945e-06 9.83939280e-04 4.01938314e-03 8.55468625e-04]
 [9.83939280e-04 1.00176778e-01 3.88958884e-01 4.01938314e-03]
 [4.01938314e-03 3.88958884e-01 1.00176778e-01 9.83939280e-04]
 [8.55468625e-04 4.01938314e-03 9.83939280e-04 2.22448945e-06]]"
1.1555349956802585,0.17752109130335025,0.609268762421245,0.04471056756499059,"[9.98601871e-07 6.65219686e-05 4.71278533e-01 5.73078924e-02
 4.71278533e-01 6.65219686e-05 9.98601871e-07]","[9.55962263e-12 4.57230187e-06 2.87204682e-02 9.42549919e-01
 2.87204682e-02 4.57230187e-06 9.55962263e-12]","[[9.55962263e-12 2.28615093e-06 3.32609843e-05 9.98601871e-07]
 [2.28615093e-06 2.86539462e-02 4.71273961e-01 3.32609843e-05]
 [3.32609843e-05 4.71273961e-01 2.86539462e-02 2.28615093e-06]
 [9.98601871e-07 3.32609843e-05 2.28615093e-06 9.55962263e-12]]","[0.00056076 0.0067825  0.39017933 0.20495483 0.39017933 0.0067825
 0.00056076]","[1.73499864e-06 1.71310334e-03 1.09258181e-01 7.78053962e-01
 1.09258181e-01 1.71310334e-03 1.73499864e-06]","[[1.73499864e-06 8.56551672e-04 3.39125088e-03 5.60757320e-04]
 [8.56551672e-04 1.02475679e-01 3.88466224e-01 3.39125088e-03]
 [3.39125088e-03 3.88466224e-01 1.02475679e-01 8.56551672e-04]
 [5.60757320e-04 3.39125088e-03 8.56551672e-04 1.73499864e-06]]"
1.150850352267327,0.16987451012755428,0.5901492535406885,0.03525722789204999,"[4.15236236e-07 4.72666210e-05 4.69157545e-01 6.15895462e-02
 4.69157545e-01 4.72666210e-05 4.15236236e-07]","[5.49477315e-12 3.39925755e-06 3.08420397e-02 9.38309122e-01
 3.08420397e-02 3.39925755e-06 5.49477315e-12]","[[5.49477315e-12 1.69962877e-06 2.36333105e-05 4.15236236e-07]
 [1.69962877e-06 3.07947731e-02 4.69154146e-01 2.36333105e-05]
 [2.36333105e-05 4.69154146e-01 3.07947731e-02 1.69962877e-06]
 [4.15236236e-07 2.36333105e-05 1.69962877e-06 5.49477315e-12]]","[3.62446278e-04 5.67201035e-03 3.89153355e-01 2.09624377e-01
 3.89153355e-01 5.67201035e-03 3.62446278e-04]","[1.31847198e-06 1.47830889e-03 1.10482880e-01 7.76074984e-01
 1.10482880e-01 1.47830889e-03 1.31847198e-06]","[[1.31847198e-06 7.39154445e-04 2.83600517e-03 3.62446278e-04]
 [7.39154445e-04 1.04810870e-01 3.87675046e-01 2.83600517e-03]
 [2.83600517e-03 3.87675046e-01 1.04810870e-01 7.39154445e-04]
 [3.62446278e-04 2.83600517e-03 7.39154445e-04 1.31847198e-06]]"
1.148673983651965,0.16444677255870965,0.5740577594444666,0.02794548768803784,"[1.67414624e-07 3.28700534e-05 4.67015979e-01 6.59019676e-02
 4.67015979e-01 3.28700534e-05 1.67414624e-07]","[3.00569175e-12 2.48267798e-06 3.29838539e-02 9.34027327e-01
 3.29838539e-02 2.48267798e-06 3.00569175e-12]","[[3.00569175e-12 1.24133899e-06 1.64350267e-05 1.67414624e-07]
 [1.24133899e-06 3.29509838e-02 4.67013496e-01 1.64350267e-05]
 [1.64350267e-05 4.67013496e-01 3.29509838e-02 1.24133899e-06]
 [1.67414624e-07 1.64350267e-05 1.24133899e-06 3.00569175e-12]]","[2.30390894e-04 4.69705326e-03 3.87895853e-01 2.14353406e-01
 3.87895853e-01 4.69705326e-03 2.30390894e-04]","[9.76204563e-07 1.26303249e-03 1.11872780e-01 7.73726422e-01
 1.11872780e-01 1.26303249e-03 9.76204563e-07]","[[9.76204563e-07 6.31516244e-04 2.34852663e-03 2.30390894e-04]
 [6.31516244e-04 1.07175727e-01 3.86632820e-01 2.34852663e-03]
 [2.34852663e-03 3.86632820e-01 1.07175727e-01 6.31516244e-04]
 [2.30390894e-04 2.34852663e-03 6.31516244e-04 9.76204563e-07]]"
1.1483473520170775,0.16063328907991203,0.5602308143667741,0.022152954224371246,"[6.49606894e-08 2.23149818e-05 4.64844993e-01 7.02652538e-02
 4.64844993e-01 2.23149818e-05 6.49606894e-08]","[1.55862117e-12 1.77424334e-06 3.51549419e-02 9.29686568e-01
 3.51549419e-02 1.77424334e-06 1.55862117e-12]","[[1.55862117e-12 8.87121668e-07 1.11574909e-05 6.49606894e-08]
 [8.87121668e-07 3.51326269e-02 4.64843219e-01 1.11574909e-05]
 [1.11574909e-05 4.64843219e-01 3.51326269e-02 8.87121668e-07]
 [6.49606894e-08 1.11574909e-05 8.87121668e-07 1.55862117e-12]]","[1.43537327e-04 3.84602969e-03 3.86443635e-01 2.19133596e-01
 3.86443635e-01 3.84602969e-03 1.43537327e-04]","[7.03088227e-07 1.06662101e-03 1.13412125e-01 7.71041102e-01
 1.13412125e-01 1.06662101e-03 7.03088227e-07]","[[7.03088227e-07 5.33310505e-04 1.92301484e-03 1.43537327e-04]
 [5.33310505e-04 1.09566095e-01 3.85377014e-01 1.92301484e-03]
 [1.92301484e-03 3.85377014e-01 1.09566095e-01 5.33310505e-04]
 [1.43537327e-04 1.92301484e-03 5.33310505e-04 7.03088227e-07]]"
1.149432470660769,0.15804419704482997,0.5481631902812406,0.017482294982285707,"[2.40408885e-08 1.47338148e-05 4.62639160e-01 7.46921634e-02
 4.62639160e-01 1.47338148e-05 2.40408885e-08]","[7.61191864e-13 1.23483511e-06 3.73608155e-02 9.25275899e-01
 3.73608155e-02 1.23483511e-06 7.61191864e-13]","[[7.61191864e-13 6.17417557e-07 7.36690738e-06 2.40408885e-08]
 [6.17417557e-07 3.73460817e-02 4.62637926e-01 7.36690738e-06]
 [7.36690738e-06 4.62637926e-01 3.73460817e-02 6.17417557e-07]
 [2.40408885e-08 7.36690738e-06 6.17417557e-07 7.61191864e-13]]","[8.72728517e-05 3.10755105e-03 3.84827134e-01 2.23956084e-01
 3.84827134e-01 3.10755105e-03 8.72728517e-05]","[4.91078566e-07 8.88419148e-04 1.15085102e-01 7.68051976e-01
 1.15085102e-01 8.88419148e-04 4.91078566e-07]","[[4.91078566e-07 4.44209574e-04 1.55377553e-03 8.72728517e-05]
 [4.44209574e-04 1.11977551e-01 3.83938715e-01 1.55377553e-03]
 [1.55377553e-03 3.83938715e-01 1.11977551e-01 4.44209574e-04]
 [8.72728517e-05 1.55377553e-03 4.44209574e-04 4.91078566e-07]]"
1.1516248141860366,0.15641760549283312,0.537509560903851,0.013670912869245821,"[8.39075497e-09 9.41304883e-06 4.60395880e-01 7.91893976e-02
 4.60395880e-01 9.41304883e-06 8.39075497e-09]","[3.46790268e-13 8.32107985e-07 3.96041118e-02 9.20790112e-01
 3.96041118e-02 8.32107985e-07 3.46790268e-13]","[[3.46790268e-13 4.16053992e-07 4.70652442e-06 8.39075497e-09]
 [4.16053992e-07 3.95946988e-02 4.60395048e-01 4.70652442e-06]
 [4.70652442e-06 4.60395048e-01 3.95946988e-02 4.16053992e-07]
 [8.39075497e-09 4.70652442e-06 4.16053992e-07 3.46790268e-13]]","[5.15025068e-05 2.47103341e-03 3.83072316e-01 2.28810296e-01
 3.83072316e-01 2.47103341e-03 5.15025068e-05]","[3.31101615e-07 7.27839629e-04 1.16875850e-01 7.64791958e-01
 1.16875850e-01 7.27839629e-04 3.31101615e-07]","[[3.31101615e-07 3.63919815e-04 1.23551670e-03 5.15025068e-05]
 [3.63919815e-04 1.14404817e-01 3.82344476e-01 1.23551670e-03]
 [1.23551670e-03 3.82344476e-01 1.14404817e-01 3.63919815e-04]
 [5.15025068e-05 1.23551670e-03 3.63919815e-04 3.31101615e-07]]"
