1.8179775573655463,0.39631689555432703,1.2069056545304953,0.24067471415369002,"[5.97933850e-50 1.14304014e-38 2.92285086e-17 1.42974535e-11
 2.29829701e-01 3.95419948e-02 4.61256608e-01 3.95419948e-02
 2.29829701e-01 1.42974535e-11 2.92285086e-17 1.14304013e-38
 5.97933850e-50]","[2.27976991e-65 2.71804010e-63 2.74937283e-43 9.14929086e-24
 6.79279134e-12 3.95419948e-02 9.20916010e-01 3.95419948e-02
 6.79279134e-12 9.14929086e-24 2.74937280e-43 2.34565916e-64
 2.27976991e-65]","[[2.27976991e-65 1.36785976e-64 8.98404532e-45 8.44831341e-34
  2.53739285e-33 5.71520067e-39 5.97933850e-50]
 [2.58125413e-63 2.56969192e-43 4.57464543e-24 1.62537460e-12
  7.14872673e-12 2.92285086e-17 5.71520067e-39]
 [8.98404532e-45 4.57464543e-24 3.54204214e-12 1.97709974e-02
  2.29829701e-01 7.14872673e-12 2.53739285e-33]
 [8.44831341e-34 1.62537460e-12 1.97709974e-02 4.61256608e-01
  1.97709974e-02 1.62537460e-12 8.44831341e-34]
 [2.53739285e-33 7.14872673e-12 2.29829701e-01 1.97709974e-02
  3.54204214e-12 4.57464543e-24 8.98404602e-45]
 [5.71520070e-39 2.92285086e-17 7.14872673e-12 1.62537460e-12
  4.57464543e-24 2.56969188e-43 9.77859912e-65]
 [5.97933850e-50 5.71520069e-39 2.53739285e-33 8.44831341e-34
  8.98404602e-45 1.36779925e-64 2.27976991e-65]]","[9.85275672e-26 6.10401719e-20 2.17838478e-09 2.15675775e-06
 1.93169505e-01 1.13323728e-01 3.87009217e-01 1.13323728e-01
 1.93169505e-01 2.15675775e-06 2.17838478e-09 6.10401718e-20
 9.85275672e-26]","[1.92387432e-33 4.11763420e-32 3.15235056e-22 1.72402469e-12
 2.09900795e-06 1.13325885e-01 7.73344033e-01 1.13325885e-01
 2.09900795e-06 1.72402469e-12 3.15235055e-22 2.02733607e-32
 1.92387432e-33]","[[1.92387432e-33 1.15432367e-32 3.81917510e-23 1.17116848e-17
  2.03141218e-17 3.05200859e-20 9.85275672e-26]
 [2.96331053e-32 2.38851554e-22 8.62000633e-13 5.13713472e-07
  1.07837887e-06 2.17838474e-09 3.05200859e-20]
 [3.81917510e-23 8.62000633e-13 1.07158101e-06 5.66618639e-02
  1.93168477e-01 1.07837887e-06 2.03141218e-17]
 [1.17116848e-17 5.13713472e-07 5.66618639e-02 3.87007074e-01
  5.66618639e-02 5.13713472e-07 1.17116848e-17]
 [2.03141218e-17 1.07837887e-06 1.93168477e-01 5.66618639e-02
  1.07158101e-06 8.62000633e-13 3.81917525e-23]
 [3.05200860e-20 2.17838474e-09 1.07837887e-06 5.13713472e-07
  8.62000633e-13 2.38851550e-22 8.73037934e-33]
 [9.85275672e-26 3.05200860e-20 2.03141218e-17 1.17116848e-17
  3.81917525e-23 1.15429814e-32 1.92387432e-33]]"
1.8085572031031676,0.39464840815278923,1.2111722982105413,0.24281888309291433,"[2.00400441e-47 5.91627349e-37 2.35555992e-16 3.61651539e-11
 2.30484910e-01 3.72627438e-02 4.64504692e-01 3.72627438e-02
 2.30484910e-01 3.61651539e-11 2.35555992e-16 5.91627349e-37
 2.00400441e-47]","[2.32227301e-65 3.74255048e-64 1.18275906e-41 5.40680020e-23
 1.55735778e-11 3.72627438e-02 9.25474512e-01 3.72627438e-02
 1.55735778e-11 5.40680020e-23 1.18275913e-41 3.07729063e-63
 2.32227301e-65]","[[2.32227301e-65 2.58141393e-64 2.11549288e-43 8.46767131e-33
  2.84766637e-32 2.95813680e-37 2.00400441e-47]
 [1.16113656e-64 1.14044920e-41 2.70340010e-23 3.61284771e-12
  1.80825769e-11 2.35555992e-16 2.95813669e-37]
 [2.11549288e-43 2.70340010e-23 8.34788242e-12 1.86313719e-02
  2.30484910e-01 1.80825769e-11 2.84766636e-32]
 [8.46767131e-33 3.61284771e-12 1.86313719e-02 4.64504692e-01
  1.86313719e-02 3.61284771e-12 8.46767130e-33]
 [2.84766637e-32 1.80825769e-11 2.30484910e-01 1.86313719e-02
  8.34788242e-12 2.70340010e-23 2.11549314e-43]
 [2.95813680e-37 2.35555992e-16 1.80825769e-11 3.61284771e-12
  2.70340010e-23 1.14044926e-41 2.92337807e-63]
 [2.00400441e-47 2.95813669e-37 2.84766636e-32 8.46767130e-33
  2.11549314e-43 1.53912560e-64 2.32227301e-65]]","[1.81228347e-24 4.41387495e-19 6.21332442e-09 3.44861827e-06
 1.94359020e-01 1.10535939e-01 3.90203172e-01 1.10535939e-01
 1.94359020e-01 3.44861827e-06 6.21332442e-09 4.41387495e-19
 1.81228347e-24]","[1.95089291e-33 2.43345364e-32 1.91306911e-21 4.21135178e-12
 3.18957684e-06 1.10539388e-01 7.78914845e-01 1.10539388e-01
 3.18957684e-06 4.21135178e-12 1.91306917e-21 4.54460750e-32
 1.95089291e-33]","[[1.95089291e-33 1.45790877e-32 1.86203169e-22 3.72532273e-17
  6.84347579e-17 2.20693750e-19 1.81228347e-24]
 [9.75544877e-33 1.54066277e-21 2.10563864e-12 7.69521119e-07
  1.72430913e-06 6.21332428e-09 2.20693745e-19]
 [1.86203170e-22 2.10563864e-12 1.65053460e-06 5.52679697e-02
  1.94357481e-01 1.72430913e-06 6.84347579e-17]
 [3.72532273e-17 7.69521119e-07 5.52679697e-02 3.90199871e-01
  5.52679697e-02 7.69521119e-07 3.72532273e-17]
 [6.84347579e-17 1.72430913e-06 1.94357481e-01 5.52679697e-02
  1.65053460e-06 2.10563864e-12 1.86203181e-22]
 [2.20693750e-19 6.21332428e-09 1.72430913e-06 7.69521119e-07
  2.10563864e-12 1.54066281e-21 3.32030014e-32]
 [1.81228347e-24 2.20693745e-19 6.84347579e-17 3.72532273e-17
  1.86203181e-22 1.22430736e-32 1.95089291e-33]]"
1.7987522047049957,0.39324625293182236,1.2155691623833476,0.24531747367366497,"[4.25462777e-45 2.39454018e-35 1.66775631e-15 8.68597562e-11
 2.30601690e-01 3.50031818e-02 4.68790256e-01 3.50031818e-02
 2.30601690e-01 8.68597562e-11 1.66775631e-15 2.39454020e-35
 4.25462777e-45]","[2.33564997e-65 3.01515661e-62 4.05198003e-40 2.85183158e-22
 3.37057638e-11 3.50031819e-02 9.29993636e-01 3.50031819e-02
 3.37057638e-11 2.85183158e-22 4.05198000e-40 5.57200559e-62
 2.33564997e-65]","[[2.33564997e-65 1.78860126e-62 3.65233028e-42 6.64777101e-32
  2.59338805e-31 1.19727010e-35 4.25462777e-45]
 [1.22655535e-62 3.97893343e-40 1.42591579e-22 7.42071100e-12
  4.34298781e-11 1.66775631e-15 1.19727011e-35]
 [3.65233028e-42 1.42591579e-22 1.88643418e-11 1.75015909e-02
  2.30601690e-01 4.34298781e-11 2.59338805e-31]
 [6.64777101e-32 7.42071100e-12 1.75015909e-02 4.68790255e-01
  1.75015909e-02 7.42071100e-12 6.64777101e-32]
 [2.59338805e-31 4.34298781e-11 2.30601690e-01 1.75015909e-02
  1.88643418e-11 1.42591579e-22 3.65233030e-42]
 [1.19727009e-35 1.66775631e-15 4.34298781e-11 7.42071100e-12
  1.42591579e-22 3.97893339e-40 3.77624254e-62]
 [4.25462777e-45 1.19727010e-35 2.59338805e-31 6.64777101e-32
  3.65233030e-42 1.79576305e-62 2.33564997e-65]]","[2.65360763e-23 2.82255053e-18 1.66139362e-08 5.37589948e-06
 1.95365245e-01 1.07669738e-01 3.93919248e-01 1.07669738e-01
 1.95365245e-01 5.37589948e-06 1.66139362e-08 2.82255054e-18
 2.65360763e-23]","[1.96611900e-33 1.18731783e-31 1.04105079e-20 9.72121400e-12
 4.70134081e-06 1.07675114e-01 7.84640369e-01 1.07675114e-01
 4.70134081e-06 9.72121400e-12 1.04105079e-20 1.80755595e-31
 1.96611900e-33]","[[1.96611900e-33 6.40606730e-32 7.77497384e-22 1.04894360e-16
  2.07880831e-16 1.41127527e-18 2.65360763e-23]
 [5.46711105e-32 8.85551315e-21 4.86050211e-12 1.10829719e-06
  2.68794974e-06 1.66139358e-08 1.41127527e-18]
 [7.77497384e-22 4.86050211e-12 2.48474642e-06 5.38348691e-02
  1.95363029e-01 2.68794974e-06 2.07880831e-16]
 [1.04894360e-16 1.10829719e-06 5.38348691e-02 3.93914278e-01
  5.38348691e-02 1.10829719e-06 1.04894360e-16]
 [2.07880831e-16 2.68794974e-06 1.95363029e-01 5.38348691e-02
  2.48474642e-06 4.86050211e-12 7.77497386e-22]
 [1.41127526e-18 1.66139358e-08 2.68794974e-06 1.10829719e-06
  4.86050211e-12 8.85551312e-21 1.16585763e-31]
 [2.65360763e-23 1.41127527e-18 2.07880831e-16 1.04894360e-16
  7.77497386e-22 6.41698324e-32 1.96611900e-33]]"
1.7883970240055425,0.39239242440487065,1.220071721128197,0.24846533773280788,"[5.90809468e-43 7.68267612e-34 1.04807069e-14 1.99769913e-10
 2.29625735e-01 3.27494719e-02 4.75249585e-01 3.27494719e-02
 2.29625735e-01 1.99769913e-10 1.04807069e-14 7.68267612e-34
 5.90809468e-43]","[2.43467730e-65 2.83459542e-60 1.14082874e-38 1.37199851e-21
 7.02894153e-11 3.27494721e-02 9.34501056e-01 3.27494721e-02
 7.02894153e-11 1.37199851e-21 1.14082870e-38 3.18551438e-60
 2.43467730e-65]","[[2.43467730e-65 1.41729809e-60 4.75710020e-41 4.15407167e-31
  1.97557728e-30 3.84133806e-34 5.90809468e-43]
 [1.41729732e-60 1.13131453e-38 6.85999254e-22 1.41254570e-11
  9.98849566e-11 1.04807069e-14 3.84133806e-34]
 [4.75710020e-41 6.85999254e-22 4.20385014e-11 1.63747359e-02
  2.29625735e-01 9.98849566e-11 1.97557728e-30]
 [4.15407167e-31 1.41254570e-11 1.63747359e-02 4.75249585e-01
  1.63747359e-02 1.41254570e-11 4.15407167e-31]
 [1.97557728e-30 9.98849566e-11 2.29625735e-01 1.63747359e-02
  4.20385014e-11 6.85999254e-22 4.75710039e-41]
 [3.84133806e-34 1.04807069e-14 9.98849566e-11 1.41254570e-11
  6.85999254e-22 1.13131450e-38 1.76519339e-60]
 [5.90809468e-43 3.84133806e-34 1.97557728e-30 4.15407167e-31
  4.75710039e-41 1.42032099e-60 2.43467730e-65]]","[3.14324508e-22 1.60723576e-17 4.18649357e-08 8.20577049e-06
 1.95965776e-01 1.04703218e-01 3.98645516e-01 1.04703218e-01
 1.95965776e-01 8.20577049e-06 4.18649357e-08 1.60723576e-17
 3.14324508e-22]","[2.01778655e-33 9.93781589e-31 5.18677746e-20 2.14382460e-11
 6.77232936e-06 1.04711424e-01 7.90563607e-01 1.04711424e-01
 6.77232936e-06 2.14382460e-11 5.18677739e-20 1.23649168e-30
 2.01778655e-33]","[[2.01778655e-33 4.96906756e-31 2.82058557e-21 2.63575297e-16
  5.78407384e-16 8.03617881e-18 3.14324508e-22]
 [4.96874833e-31 4.62266034e-20 1.07188594e-11 1.53707905e-06
  4.10288524e-06 4.18649346e-08 8.03617881e-18]
 [2.82058557e-21 1.07188594e-11 3.69817126e-06 5.23516092e-02
  1.95962702e-01 4.10288524e-06 5.78407385e-16]
 [2.63575297e-16 1.53707905e-06 5.23516092e-02 3.98638120e-01
  5.23516092e-02 1.53707905e-06 2.63575297e-16]
 [5.78407384e-16 4.10288524e-06 1.95962702e-01 5.23516092e-02
  3.69817126e-06 1.07188594e-11 2.82058563e-21]
 [8.03617881e-18 4.18649346e-08 4.10288524e-06 1.53707905e-06
  1.07188594e-11 4.62266027e-20 7.39066046e-31]
 [3.14324508e-22 8.03617881e-18 5.78407385e-16 2.63575297e-16
  2.82058563e-21 4.97425631e-31 2.01778655e-33]]"
1.776964653936649,0.392591484327137,1.224456635233008,0.2527928267934094,"[5.36441063e-41 1.92854692e-32 5.81935457e-14 4.39965931e-10
 2.26363672e-01 3.04687798e-02 4.86335096e-01 3.04687798e-02
 2.26363672e-01 4.39965931e-10 5.81935457e-14 1.92854692e-32
 5.36441063e-41]","[2.24465157e-65 1.55105988e-58 2.70003002e-37 6.11485618e-21
 1.45645443e-10 3.04687803e-02 9.39062439e-01 3.04687803e-02
 1.45645443e-10 6.11485618e-21 2.70003000e-37 1.55250486e-58
 2.24465157e-65]","[[2.24465157e-65 7.75529940e-59 4.72246575e-40 2.06348903e-30
  1.28233176e-29 9.64273462e-33 5.36441063e-41]
 [7.75529938e-59 2.69058509e-37 3.05742809e-21 2.47794230e-11
  2.19982966e-10 5.81935457e-14 9.64273463e-33]
 [4.72246575e-40 3.05742809e-21 9.60865972e-11 1.52343899e-02
  2.26363672e-01 2.19982966e-10 1.28233177e-29]
 [2.06348903e-30 2.47794230e-11 1.52343899e-02 4.86335096e-01
  1.52343899e-02 2.47794230e-11 2.06348903e-30]
 [1.28233176e-29 2.19982966e-10 2.26363672e-01 1.52343899e-02
  9.60865972e-11 3.05742809e-21 4.72246572e-40]
 [9.64273462e-33 5.81935457e-14 2.19982966e-10 2.47794230e-11
  3.05742809e-21 2.69058507e-37 7.76469634e-59]
 [5.36441063e-41 9.64273463e-33 1.28233177e-29 2.06348903e-30
  4.72246572e-40 7.76035221e-59 2.24465157e-65]]","[3.01229871e-21 8.09881040e-17 9.92145982e-08 1.22674496e-05
 1.95688049e-01 1.01596467e-01 4.05406236e-01 1.01596467e-01
 1.95688049e-01 1.22674496e-05 9.92145982e-08 8.09881040e-17
 3.01229871e-21]","[1.94854974e-33 7.26327915e-30 2.39970800e-19 4.55327110e-11
 9.61716612e-06 1.01608734e-01 7.96763297e-01 1.01608734e-01
 9.61716612e-06 4.55327110e-11 2.39970799e-19 7.31833423e-30
 1.94854974e-33]","[[1.94854974e-33 3.63164021e-30 8.93806733e-21 5.90826208e-16
  1.48874109e-15 4.04940520e-17 3.01229871e-21]
 [3.63163894e-30 2.22094665e-19 2.27657647e-11 2.04758919e-06
  6.13372481e-06 9.92145952e-08 4.04940520e-17]
 [8.93806733e-21 2.27657647e-11 5.52198773e-06 5.07982334e-02
  1.95683953e-01 6.13372481e-06 1.48874109e-15]
 [5.90826208e-16 2.04758919e-06 5.07982334e-02 4.05395192e-01
  5.07982334e-02 2.04758919e-06 5.90826208e-16]
 [1.48874109e-15 6.13372481e-06 1.95683953e-01 5.07982334e-02
  5.52198773e-06 2.27657647e-11 8.93806730e-21]
 [4.04940520e-17 9.92145952e-08 6.13372481e-06 2.04758919e-06
  2.27657647e-11 2.22094664e-19 3.68551562e-30]
 [3.01229871e-21 4.04940520e-17 1.48874109e-15 5.90826208e-16
  8.93806730e-21 3.63281862e-30 1.94854974e-33]]"
1.7624274685838277,0.39457160474249964,1.2275214113610997,0.25910691602525615,"[3.04826988e-39 3.60348309e-31 2.77264785e-13 9.12156906e-10
 2.18080734e-01 2.80679697e-02 5.07702591e-01 2.80679697e-02
 2.18080734e-01 9.12156906e-10 2.77264785e-13 3.60348309e-31
 3.04826988e-39]","[2.73127176e-65 5.87077274e-57 5.44511209e-36 2.54500566e-20
 3.17257791e-10 2.80679706e-02 9.43864058e-01 2.80679706e-02
 3.17257791e-10 2.54500566e-20 5.44511208e-36 5.86760175e-57
 2.73127176e-65]","[[2.73127176e-65 2.93538637e-57 3.52317901e-39 7.93151586e-30
  7.07364224e-29 1.80174155e-31 3.04826988e-39]
 [2.93538637e-57 5.43806573e-36 1.27250283e-20 3.92415363e-11
  4.56078453e-10 2.77264785e-13 1.80174155e-31]
 [3.52317901e-39 1.27250283e-20 2.38774719e-10 1.40339849e-02
  2.18080734e-01 4.56078453e-10 7.07364224e-29]
 [7.93151586e-30 3.92415363e-11 1.40339849e-02 5.07702591e-01
  1.40339849e-02 3.92415363e-11 7.93151586e-30]
 [7.07364224e-29 4.56078453e-10 2.18080734e-01 1.40339849e-02
  2.38774719e-10 1.27250283e-20 3.52317905e-39]
 [1.80174155e-31 2.77264785e-13 4.56078453e-10 3.92415363e-11
  1.27250283e-20 5.43806572e-36 2.93427274e-57]
 [3.04826988e-39 1.80174155e-31 7.07364224e-29 7.93151602e-30
  3.52317905e-39 2.93332901e-57 2.73127176e-65]]","[2.28728586e-20 3.52620729e-16 2.18143900e-07 1.78250467e-05
 1.93482264e-01 9.82654324e-02 4.16468522e-01 9.82654324e-02
 1.93482264e-01 1.78250467e-05 2.18143900e-07 3.52620729e-16
 2.28728586e-20]","[2.16509120e-33 4.49123142e-29 1.03959694e-18 9.36037135e-11
 1.36425700e-05 9.82832573e-02 8.03406200e-01 9.82832573e-02
 1.36425700e-05 9.36037135e-11 1.03959694e-18 4.52965664e-29
 2.16509120e-33]","[[2.16509120e-33 2.24561746e-29 2.45921081e-20 1.16683238e-15
  3.54226638e-15 1.76310364e-16 2.28728586e-20]
 [2.24561395e-29 9.90412728e-19 4.68006899e-11 2.59572498e-06
  8.91252333e-06 2.18143893e-07 1.76310364e-16]
 [2.45921081e-20 4.68006899e-11 8.45112006e-06 4.91327161e-02
  1.93477072e-01 8.91252333e-06 3.54226638e-15]
 [1.16683238e-15 2.59572498e-06 4.91327161e-02 4.16451620e-01
  4.91327161e-02 2.59572498e-06 1.16683238e-15]
 [3.54226638e-15 8.91252333e-06 1.93477072e-01 4.91327161e-02
  8.45112006e-06 4.68006899e-11 2.45921082e-20]
 [1.76310364e-16 2.18143893e-07 8.91252333e-06 2.59572498e-06
  4.68006899e-11 9.90412727e-19 2.28482589e-29]
 [2.28728586e-20 1.76310364e-16 3.54226638e-15 1.16683239e-15
  2.45921082e-20 2.24483075e-29 2.16509120e-33]]"
1.7357484166532604,0.3983284759540613,1.2231137525003017,0.2677340398326493,"[9.57885019e-38 4.44754608e-30 1.04317060e-12 1.67573902e-09
 1.98026386e-01 2.52268879e-02 5.53493449e-01 2.52268879e-02
 1.98026386e-01 1.67573902e-09 1.04317060e-12 4.44754608e-30
 9.57885019e-38]","[2.51000074e-65 1.49890503e-55 9.30600987e-35 9.79500866e-20
 8.00445157e-10 2.52268896e-02 9.49546219e-01 2.52268896e-02
 8.00445157e-10 9.79500866e-20 9.30600986e-35 1.49896663e-55
 2.51000074e-65]","[[2.51000074e-65 7.49452502e-56 1.85929556e-38 2.17729881e-29
  3.12520571e-28 2.22377304e-30 9.57885019e-38]
 [7.49452524e-56 9.30229128e-35 4.89750433e-20 5.30060669e-11
  8.37869512e-10 1.04317060e-12 2.22377304e-30]
 [1.85929556e-38 4.89750433e-20 6.94433023e-10 1.26134440e-02
  1.98026386e-01 8.37869512e-10 3.12520571e-28]
 [2.17729881e-29 5.30060669e-11 1.26134440e-02 5.53493448e-01
  1.26134440e-02 5.30060669e-11 2.17729881e-29]
 [3.12520571e-28 8.37869512e-10 1.98026386e-01 1.26134440e-02
  6.94433023e-10 4.89750433e-20 1.85929554e-38]
 [2.22377304e-30 1.04317060e-12 8.37869512e-10 5.30060669e-11
  4.89750433e-20 9.30229127e-35 7.49487814e-56]
 [9.57885019e-38 2.22377304e-30 3.12520571e-28 2.17729881e-29
  1.85929554e-38 7.49478818e-56 2.51000074e-65]]","[1.29940254e-19 1.25542986e-15 4.28813003e-07 2.45274899e-05
 1.86860394e-01 9.44873138e-02 4.37254672e-01 9.44873138e-02
 1.86860394e-01 2.45274899e-05 4.28813003e-07 1.25542986e-15
 1.29940254e-19]","[2.10341005e-33 2.29915274e-28 4.22089351e-18 1.86170489e-10
 1.98147290e-05 9.45118412e-02 8.10936688e-01 9.45118412e-02
 1.98147290e-05 1.86170489e-10 4.22089350e-18 2.30338390e-28
 2.10341005e-33]","[[2.10341005e-33 1.14953771e-28 5.72549898e-20 1.95934440e-15
  7.58501575e-15 6.27714930e-16 1.29940254e-19]
 [1.14961503e-28 4.10638353e-18 9.30832853e-11 3.05770885e-06
  1.22637449e-05 4.28812988e-07 6.27714930e-16]
 [5.72549898e-20 9.30832853e-11 1.36993112e-05 4.72436568e-02
  1.86854279e-01 1.22637449e-05 7.58501575e-15]
 [1.95934440e-15 3.05770885e-06 4.72436568e-02 4.37227273e-01
  4.72436568e-02 3.05770885e-06 1.95934440e-15]
 [7.58501575e-15 1.22637449e-05 1.86854279e-01 4.72436568e-02
  1.36993112e-05 9.30832853e-11 5.72549896e-20]
 [6.27714930e-16 4.28812988e-07 1.22637449e-05 3.05770885e-06
  9.30832853e-11 4.10638352e-18 1.15384819e-28]
 [1.29940254e-19 6.27714930e-16 7.58501575e-15 1.95934440e-15
  5.72549896e-20 1.14953571e-28 2.10341005e-33]]"
1.6529654404348755,0.3962102208302112,1.1791176531910368,0.27255592527659855,"[1.20196112e-36 2.68148727e-29 2.44608485e-12 2.24377374e-09
 1.50135272e-01 2.07697077e-02 6.58190037e-01 2.07697077e-02
 1.50135272e-01 2.24377374e-09 2.44608485e-12 2.68148727e-29
 1.20196112e-36]","[4.67842584e-65 2.30143307e-54 1.24237564e-33 3.22230754e-19
 2.53315414e-09 2.07697099e-02 9.58460575e-01 2.07697099e-02
 2.53315414e-09 3.22230754e-19 1.24237564e-33 2.30144656e-54
 4.67842584e-65]","[[4.67842584e-65 1.15071722e-54 5.74911134e-38 3.38832061e-29
  8.73212321e-28 1.34074364e-29 1.20196112e-36]
 [1.15071585e-54 1.24226066e-33 1.61115377e-19 5.15292709e-11
  1.12188687e-09 2.44608485e-12 1.34074364e-29]
 [5.74911134e-38 1.61115377e-19 2.43009560e-09 1.03848538e-02
  1.50135272e-01 1.12188687e-09 8.73212321e-28]
 [3.38832061e-29 5.15292709e-11 1.03848538e-02 6.58190032e-01
  1.03848538e-02 5.15292709e-11 3.38832061e-29]
 [8.73212321e-28 1.12188687e-09 1.50135272e-01 1.03848538e-02
  2.43009560e-09 1.61115377e-19 5.74911134e-38]
 [1.34074364e-29 2.44608485e-12 1.12188687e-09 5.15292709e-11
  1.61115377e-19 1.24226066e-33 1.15072329e-54]
 [1.20196112e-36 1.34074364e-29 8.73212321e-28 3.38832061e-29
  5.74911134e-38 1.15072327e-54 4.67842584e-65]]","[4.79742644e-19 3.21300459e-15 6.84390610e-07 2.96199396e-05
 1.69608415e-01 8.95131153e-02 4.81696331e-01 8.95131153e-02
 1.69608415e-01 2.96199396e-05 6.84390610e-07 3.21300459e-15
 4.79742644e-19]","[2.99304323e-33 9.38880593e-28 1.57383790e-17 3.52029203e-10
 3.07918098e-05 8.95427349e-02 8.20852946e-01 8.95427349e-02
 3.07918098e-05 3.52029203e-10 1.57383790e-17 9.38940153e-28
 2.99304323e-33]","[[2.99304323e-33 4.69440223e-28 1.04939595e-19 2.54786158e-15
  1.32437188e-14 1.60650230e-15 4.79742644e-19]
 [4.69440370e-28 1.55284998e-17 1.76012054e-10 3.14296859e-06
  1.48099698e-05 6.84390583e-07 1.60650230e-15]
 [1.04939595e-19 1.76012054e-10 2.45058726e-05 4.47565575e-02
  1.69602129e-01 1.48099698e-05 1.32437188e-14]
 [2.54786158e-15 3.14296859e-06 4.47565575e-02 4.81647320e-01
  4.47565575e-02 3.14296859e-06 2.54786158e-15]
 [1.32437188e-14 1.48099698e-05 1.69602129e-01 4.47565575e-02
  2.45058726e-05 1.76012054e-10 1.04939595e-19]
 [1.60650230e-15 6.84390583e-07 1.48099698e-05 3.14296859e-06
  1.76012054e-10 1.55284998e-17 4.69498705e-28]
 [4.79742644e-19 1.60650230e-15 1.32437188e-14 2.54786158e-15
  1.04939595e-19 4.69441448e-28 2.99304323e-33]]"
1.3493191628281545,0.3480658353058448,0.9671857241465864,0.23891857789987192,"[2.48488506e-36 3.48867558e-29 1.80356454e-12 1.20125733e-09
 6.41554024e-02 1.24162276e-02 8.46856737e-01 1.24162276e-02
 6.41554024e-02 1.20125733e-09 1.80356454e-12 3.48867558e-29
 2.48488506e-36]","[2.75888410e-65 1.36965234e-53 8.74616007e-33 6.47249996e-19
 7.94223484e-09 1.24162288e-02 9.75167526e-01 1.24162288e-02
 7.94223484e-09 6.47249996e-19 8.74616008e-33 1.36967507e-53
 2.75888410e-65]","[[2.75888410e-65 6.84826185e-54 5.96800878e-38 1.52521614e-29
  7.30441558e-28 1.74433779e-29 2.48488506e-36]
 [6.84826157e-54 8.74604071e-33 3.23624998e-19 2.15903703e-11
  6.00628664e-10 1.80356454e-12 1.74433779e-29]
 [5.96800878e-38 3.23624998e-19 7.89905410e-09 6.20811382e-03
  6.41554024e-02 6.00628664e-10 7.30441558e-28]
 [1.52521614e-29 2.15903703e-11 6.20811382e-03 8.46856722e-01
  6.20811382e-03 2.15903703e-11 1.52521614e-29]
 [7.30441558e-28 6.00628664e-10 6.41554024e-02 6.20811382e-03
  7.89905410e-09 3.23624998e-19 5.96800877e-38]
 [1.74433779e-29 1.80356454e-12 6.00628664e-10 2.15903703e-11
  3.23624998e-19 8.74604072e-33 6.84837537e-54]
 [2.48488506e-36 1.74433779e-29 7.30441558e-28 1.52521614e-29
  5.96800877e-38 6.84837534e-54 2.75888410e-65]]","[8.02882920e-19 4.26601866e-15 6.84026945e-07 2.52415521e-05
 1.29114095e-01 8.08295451e-02 5.80060869e-01 8.08295451e-02
 1.29114095e-01 2.52415521e-05 6.84026945e-07 4.26601866e-15
 8.02882920e-19]","[2.67525876e-33 2.66585707e-27 4.80089474e-17 5.80619483e-10
 5.23672113e-05 8.08547861e-02 8.38185692e-01 8.08547861e-02
 5.23672113e-05 5.80619483e-10 4.80089474e-17 2.66596286e-27
 2.67525876e-33]","[[2.67525876e-33 1.33292882e-27 1.24457488e-19 1.99023251e-15
  1.40736816e-14 2.13300933e-15 8.02882920e-19]
 [1.33292826e-27 4.77600324e-17 2.90307751e-10 2.36925624e-06
  1.26207760e-05 6.84026917e-07 2.13300933e-15]
 [1.24457488e-19 2.90307751e-10 4.76286988e-05 4.04147723e-02
  1.29109356e-01 1.26207760e-05 1.40736816e-14]
 [1.99023251e-15 2.36925624e-06 4.04147723e-02 5.79965612e-01
  4.04147723e-02 2.36925624e-06 1.99023251e-15]
 [1.40736816e-14 1.26207760e-05 1.29109356e-01 4.04147723e-02
  4.76286988e-05 2.90307751e-10 1.24457488e-19]
 [2.13300933e-15 6.84026917e-07 1.26207760e-05 2.36925624e-06
  2.90307751e-10 4.77600324e-17 1.33302310e-27]
 [8.02882920e-19 2.13300933e-15 1.40736816e-14 1.99023251e-15
  1.24457488e-19 1.33293976e-27 2.67525876e-33]]"
0.7874096502827368,0.22295950281957222,0.5392488640722194,0.13907158063870173,"[2.31711075e-37 3.04350998e-30 1.63124523e-13 1.15082535e-10
 1.04819772e-02 4.66160168e-03 9.69712842e-01 4.66160168e-03
 1.04819772e-02 1.15082535e-10 1.63124523e-13 3.04350998e-30
 2.31711075e-37]","[3.55704168e-65 1.58363239e-53 1.55277169e-32 4.83370244e-19
 1.29461838e-08 4.66160180e-03 9.90676771e-01 4.66160180e-03
 1.29461838e-08 4.83370244e-19 1.55277169e-32 1.58358781e-53
 3.55704168e-65]","[[3.55704168e-65 7.91815974e-54 1.07051163e-38 7.93797560e-31
  6.08093412e-29 1.52175499e-30 2.31711075e-37]
 [7.91816420e-54 1.55276955e-32 2.41685122e-19 2.14879390e-12
  5.75412675e-11 1.63124523e-13 1.52175499e-30]
 [1.07051163e-38 2.41685122e-19 1.29418862e-08 2.33080084e-03
  1.04819772e-02 5.75412675e-11 6.08093412e-29]
 [7.93797560e-31 2.14879390e-12 2.33080084e-03 9.69712816e-01
  2.33080084e-03 2.14879390e-12 7.93797560e-31]
 [6.08093412e-29 5.75412675e-11 1.04819772e-02 2.33080084e-03
  1.29418862e-08 2.41685122e-19 1.07051163e-38]
 [1.52175499e-30 1.63124523e-13 5.75412675e-11 2.14879390e-12
  2.41685122e-19 1.55276955e-32 7.91793838e-54]
 [2.31711075e-37 1.52175499e-30 6.08093412e-29 7.93797560e-31
  1.07051163e-38 7.91793975e-54 3.55704168e-65]]","[3.24705439e-19 1.66883946e-15 2.72452006e-07 1.03486006e-05
 6.91785276e-02 6.57181814e-02 7.30185340e-01 6.57181814e-02
 6.91785276e-02 1.03486006e-05 2.72452006e-07 1.66883946e-15
 3.24705439e-19]","[4.02309830e-33 3.79698130e-27 8.42717420e-17 6.64052362e-10
 7.98028545e-05 6.57285293e-02 8.68383334e-01 6.57285293e-02
 7.98028545e-05 6.64052362e-10 8.42717420e-17 3.79683523e-27
 4.02309830e-33]","[[4.02309830e-33 1.89819365e-27 6.98142935e-20 6.01719214e-16
  5.35683398e-15 8.34419732e-16 3.24705439e-19]
 [1.89878765e-27 8.41321134e-17 3.32025579e-10 9.91203778e-07
  5.17430030e-06 2.72451995e-07 8.34419732e-16]
 [6.98142935e-20 3.32025579e-10 7.78204470e-05 3.28590904e-02
  6.91765451e-02 5.17430030e-06 5.35683398e-15]
 [6.01719214e-16 9.91203778e-07 3.28590904e-02 7.30029699e-01
  3.28590904e-02 9.91203778e-07 6.01719214e-16]
 [5.35683398e-15 5.17430030e-06 6.91765451e-02 3.28590904e-02
  7.78204470e-05 3.32025579e-10 6.98142935e-20]
 [8.34419732e-16 2.72451995e-07 5.17430030e-06 9.91203778e-07
  3.32025579e-10 8.41321134e-17 1.89866810e-27]
 [3.24705439e-19 8.34419732e-16 5.35683398e-15 6.01719214e-16
  6.98142935e-20 1.89816713e-27 4.02309830e-33]]"
0.42354857991151523,0.12544720068101106,0.257664483694401,0.06310081520512567,"[1.61474305e-39 3.05491431e-32 3.38625308e-15 3.80007397e-12
 1.44033910e-03 1.94550719e-03 9.93228307e-01 1.94550719e-03
 1.44033910e-03 3.80007397e-12 3.38625308e-15 3.05491414e-32
 1.61474305e-39]","[8.88781137e-65 4.72308739e-54 7.70214240e-33 1.86502094e-19
 1.10721726e-08 1.94550720e-03 9.96108963e-01 1.94550720e-03
 1.10721726e-08 1.86502094e-19 7.70214241e-33 4.72304458e-54
 8.88781137e-65]","[[8.88781137e-65 2.36154114e-54 7.38011388e-40 9.47473722e-33
  8.30811366e-31 1.52745703e-32 1.61474305e-39]
 [2.36154624e-54 7.70214093e-33 9.32510471e-20 1.17057034e-13
  1.90003698e-12 3.38625308e-15 1.52745711e-32]
 [7.38011388e-40 9.32510471e-20 1.10719384e-08 9.72753597e-04
  1.44033910e-03 1.90003698e-12 8.30811366e-31]
 [9.47473722e-33 1.17057034e-13 9.72753597e-04 9.93228285e-01
  9.72753597e-04 1.17057034e-13 9.47473722e-33]
 [8.30811366e-31 1.90003698e-12 1.44033910e-03 9.72753597e-04
  1.10719384e-08 9.32510471e-20 7.38011388e-40]
 [1.52745711e-32 3.38625308e-15 1.90003698e-12 1.17057034e-13
  9.32510471e-20 7.70214093e-33 2.36152278e-54]
 [1.61474305e-39 1.52745719e-32 8.30811366e-31 9.47473722e-33
  7.38011388e-40 2.36152180e-54 8.88781137e-65]]","[3.25146667e-20 2.00540535e-16 4.70879975e-08 2.25649894e-06
 3.07582562e-02 5.08100727e-02 8.36858735e-01 5.08100727e-02
 3.07582562e-02 2.25649894e-06 4.70879975e-08 2.00540530e-16
 3.25146667e-20]","[7.62825160e-33 2.48701412e-27 7.10841253e-17 4.94498832e-10
 8.60765189e-05 5.08123287e-02 8.98203189e-01 5.08123287e-02
 8.60765189e-05 4.94498832e-10 7.10841253e-17 2.48701846e-27
 7.62825160e-33]","[[7.62825160e-33 1.24348016e-27 2.19872535e-20 7.89863403e-17
  7.48507506e-16 1.00270264e-16 3.25146667e-20]
 [1.24353396e-27 7.10401508e-17 2.47249337e-10 2.78065954e-07
  1.12824947e-06 4.70879960e-08 1.00270266e-16]
 [2.19872535e-20 2.47249337e-10 8.55203870e-05 2.54050361e-02
  3.07577001e-02 1.12824947e-06 7.48507506e-16]
 [7.89863403e-17 2.78065954e-07 2.54050361e-02 8.36687694e-01
  2.54050361e-02 2.78065954e-07 7.89863403e-17]
 [7.48507506e-16 1.12824947e-06 3.07577001e-02 2.54050361e-02
  8.55203870e-05 2.47249337e-10 2.19872535e-20]
 [1.00270266e-16 4.70879960e-08 1.12824947e-06 2.78065954e-07
  2.47249337e-10 7.10401508e-17 1.24353813e-27]
 [3.25146667e-20 1.00270269e-16 7.48507506e-16 7.89863403e-17
  2.19872535e-20 1.24348034e-27 7.62825160e-33]]"
0.26643349648167963,0.07966887067120404,0.14225016235847174,0.0309517155814166,"[3.55217873e-42 1.33120770e-34 5.16537992e-17 1.20988490e-13
 2.93849536e-04 1.05449085e-03 9.97303319e-01 1.05449085e-03
 2.93849536e-04 1.20988490e-13 5.16537992e-17 1.33120770e-34
 3.55217873e-42]","[7.67821607e-65 6.80040891e-55 1.89489212e-33 5.71476541e-20
 7.14733020e-09 1.05449085e-03 9.97891004e-01 1.05449085e-03
 7.14733020e-09 5.71476541e-20 1.89489212e-33 6.79796910e-55
 7.67821607e-65]","[[7.67821607e-65 3.40017835e-55 4.98068329e-41 9.32081433e-35
  6.14106248e-33 6.65603850e-35 3.55217873e-42]
 [3.40023055e-55 1.89489202e-33 2.85738271e-20 9.08844173e-15
  6.04942450e-14 5.16537992e-17 6.65603850e-35]
 [4.98068329e-41 2.85738271e-20 7.14731202e-09 5.27245426e-04
  2.93849536e-04 6.04942450e-14 6.14106248e-33]
 [9.32081433e-35 9.08844173e-15 5.27245426e-04 9.97303305e-01
  5.27245426e-04 9.08844173e-15 9.32081433e-35]
 [6.14106248e-33 6.04942450e-14 2.93849536e-04 5.27245426e-04
  7.14731202e-09 2.85738271e-20 4.98068327e-41]
 [6.65603850e-35 5.16537992e-17 6.04942450e-14 9.08844173e-15
  2.85738271e-20 1.89489202e-33 3.39992383e-55]
 [3.55217873e-42 6.65603849e-35 6.14106248e-33 9.32081433e-35
  4.98068327e-41 3.39804527e-55 7.67821607e-65]]","[1.64965112e-21 1.43169663e-17 6.29107469e-09 4.35890989e-07
 1.50169713e-02 4.03767858e-02 8.89211601e-01 4.03767858e-02
 1.50169713e-02 4.35890989e-07 6.29107469e-09 1.43169663e-17
 1.64965112e-21]","[7.66963800e-33 1.02084626e-27 3.81231949e-17 2.96025850e-10
 7.43263451e-05 4.03772214e-02 9.19096904e-01 4.03772214e-02
 7.43263451e-05 2.96025850e-10 3.81231949e-17 1.02079175e-27
 7.66963800e-33]","[[7.66963800e-33 5.10420584e-28 6.17809773e-21 8.50211432e-18
  6.94979629e-17 7.15848316e-18 1.64965112e-21]
 [5.10425679e-28 3.81108387e-17 1.48012916e-10 8.38921431e-08
  2.17945495e-07 6.29107455e-09 7.15848316e-18]
 [6.17809773e-21 1.48012916e-10 7.41585608e-05 2.01883928e-02
  1.50168035e-02 2.17945495e-07 6.94979629e-17]
 [8.50211432e-18 8.38921431e-08 2.01883928e-02 8.89063284e-01
  2.01883928e-02 8.38921431e-08 8.50211433e-18]
 [6.94979629e-17 2.17945495e-07 1.50168035e-02 2.01883928e-02
  7.41585608e-05 1.48012916e-10 6.17809772e-21]
 [7.15848316e-18 6.29107455e-09 2.17945495e-07 8.38921431e-08
  1.48012916e-10 3.81108387e-17 5.10531286e-28]
 [1.64965112e-21 7.15848316e-18 6.94979629e-17 8.50211433e-18
  6.17809772e-21 5.10260464e-28 7.66963800e-33]]"
0.18835891710011005,0.05631820332171608,0.08992628691489156,0.016941807693252348,"[4.71073367e-45 4.38987607e-37 8.63330066e-19 4.95125222e-15
 8.10885059e-05 6.49467705e-04 9.98538888e-01 6.49467705e-04
 8.10885059e-05 4.95125222e-15 8.63330066e-19 4.38987607e-37
 4.71073367e-45]","[8.28593853e-65 6.11044987e-56 3.09867998e-34 1.54766397e-20
 4.09112993e-09 6.49467705e-04 9.98701056e-01 6.49467705e-04
 4.09112993e-09 1.54766397e-20 3.09867998e-34 6.11170565e-56
 8.28593853e-65]","[[8.28593853e-65 3.05519713e-56 3.66652889e-42 1.32784610e-36
  3.94899471e-35 2.19493802e-37 4.71073367e-45]
 [3.05525274e-56 3.09867991e-34 7.73831986e-21 1.11526219e-15
  2.47562611e-15 8.63330066e-19 2.19493804e-37]
 [3.66652889e-42 7.73831986e-21 4.09112770e-09 3.24733853e-04
  8.10885059e-05 2.47562611e-15 3.94899467e-35]
 [1.32784610e-36 1.11526219e-15 3.24733853e-04 9.98538879e-01
  3.24733853e-04 1.11526219e-15 1.32784611e-36]
 [3.94899471e-35 2.47562611e-15 8.10885059e-05 3.24733853e-04
  4.09112770e-09 7.73831986e-21 3.66652881e-42]
 [2.19493802e-37 8.63330066e-19 2.47562611e-15 1.11526219e-15
  7.73831986e-21 3.09867991e-34 3.05601561e-56]
 [4.71073367e-45 2.19493804e-37 3.94899467e-35 1.32784611e-36
  3.66652881e-42 3.05569005e-56 8.28593853e-65]]","[6.24658504e-23 8.54634810e-19 8.45696738e-10 9.17769355e-08
 8.19859764e-03 3.29045565e-02 9.17793506e-01 3.29045565e-02
 8.19859764e-03 9.17769355e-08 8.45696738e-10 8.54634810e-19
 6.24658504e-23]","[8.28455593e-33 3.18487381e-28 1.60278468e-17 1.60165538e-10
 5.83553590e-05 3.29046481e-02 9.34073993e-01 3.29046481e-02
 5.83553590e-05 1.60165538e-10 1.60278468e-17 3.19975964e-28
 8.28455593e-33]","[[8.28455593e-33 1.59122307e-28 1.74285011e-21 1.05831396e-18
  5.79896397e-18 4.27317404e-19 6.24658504e-23]
 [1.59365074e-28 1.60243611e-17 8.00827679e-11 3.05338423e-08
  4.58884678e-08 8.45696726e-10 4.27317406e-19]
 [1.74285011e-21 8.00827679e-11 5.82942913e-05 1.64522782e-02
  8.19853658e-03 4.58884678e-08 5.79896394e-18]
 [1.05831396e-18 3.05338423e-08 1.64522782e-02 9.17676918e-01
  1.64522782e-02 3.05338423e-08 1.05831396e-18]
 [5.79896397e-18 4.58884678e-08 8.19853658e-03 1.64522782e-02
  5.82942913e-05 8.00827679e-11 1.74285009e-21]
 [4.27317404e-19 8.45696726e-10 4.58884678e-08 3.05338423e-08
  8.00827679e-11 1.60243611e-17 1.60840825e-28]
 [6.24658504e-23 4.27317406e-19 5.79896394e-18 1.05831396e-18
  1.74285009e-21 1.59135139e-28 8.28455593e-33]]"
0.1415887949632712,0.04223014283980771,0.061640848305120705,0.009906032411638566,"[4.61050604e-48 1.28246771e-39 1.67474670e-20 2.60768793e-16
 2.63709412e-05 4.22559516e-04 9.99102139e-01 4.22559516e-04
 2.63709412e-05 2.60768793e-16 1.67474670e-20 1.28246771e-39
 4.61050604e-48]","[9.95738760e-65 3.77812964e-57 3.81146383e-35 3.80963749e-21
 2.20109540e-09 4.22559516e-04 9.99154877e-01 4.22559516e-04
 2.20109540e-09 3.80963749e-21 3.81146383e-35 3.77856314e-57
 9.95738760e-65]","[[9.95738760e-65 1.88901247e-57 2.67830303e-43 3.22809717e-38
  2.53982651e-37 6.41233855e-40 4.61050604e-48]
 [1.88911718e-57 3.81146377e-35 1.90481874e-21 1.85798043e-16
  1.30384396e-16 1.67474670e-20 6.41233855e-40]
 [2.67830303e-43 1.90481874e-21 2.20109503e-09 2.11279758e-04
  2.63709412e-05 1.30384396e-16 2.53982646e-37]
 [3.22809717e-38 1.85798043e-16 2.11279758e-04 9.99102135e-01
  2.11279758e-04 1.85798043e-16 3.22809715e-38]
 [2.53982651e-37 1.30384396e-16 2.63709412e-05 2.11279758e-04
  2.20109503e-09 1.90481874e-21 2.67830336e-43]
 [6.41233855e-40 1.67474670e-20 1.30384396e-16 1.85798043e-16
  1.90481874e-21 3.81146377e-35 1.88963542e-57]
 [4.61050604e-48 6.41233855e-40 2.53982646e-37 3.22809715e-38
  2.67830336e-43 1.88892772e-57 9.95738760e-65]]","[2.00045452e-24 4.72711097e-20 1.20572980e-10 2.15746965e-08
 4.78502484e-03 2.71447325e-02 9.36140442e-01 2.71447325e-02
 4.78502484e-03 2.15746965e-08 1.20572980e-10 4.72711097e-20
 2.00045452e-24]","[9.29666304e-33 8.11287186e-29 5.75389771e-18 8.13383566e-11
 4.37781866e-05 2.71447540e-02 9.45622935e-01 2.71447540e-02
 4.37781866e-05 8.13383566e-11 5.75389771e-18 8.14972786e-29
 9.29666304e-33]","[[9.29666304e-33 4.05387173e-29 4.82172990e-22 1.68749215e-19
  4.77872854e-19 2.36355548e-20 2.00045452e-24]
 [4.05900013e-29 5.75293336e-18 4.06691781e-11 1.27397861e-08
  1.07873483e-08 1.20572979e-10 2.36355548e-20]
 [4.82172990e-22 4.06691781e-11 4.37527071e-05 1.35723662e-02
  4.78499936e-03 1.07873483e-08 4.77872850e-19]
 [1.68749215e-19 1.27397861e-08 1.35723662e-02 9.36052936e-01
  1.35723662e-02 1.27397861e-08 1.68749214e-19]
 [4.77872854e-19 1.07873483e-08 4.78499936e-03 1.35723662e-02
  4.37527071e-05 4.06691781e-11 4.82173020e-22]
 [2.36355548e-20 1.20572979e-10 1.07873483e-08 1.27397861e-08
  4.06691781e-11 5.75293336e-18 4.09594696e-29]
 [2.00045452e-24 2.36355548e-20 4.77872850e-19 1.68749214e-19
  4.82173020e-22 4.05378090e-29 9.29666304e-33]]"
0.10993002265626708,0.032690853009751,0.04433598178190498,0.005995255803726021,"[3.53570856e-51 3.45068544e-42 3.65355444e-22 1.67443539e-17
 9.33627448e-06 2.81481191e-04 9.99418365e-01 2.81481191e-04
 9.33627448e-06 1.67443539e-17 3.65355444e-22 3.45068544e-42
 3.53570856e-51]","[9.95115448e-65 1.67873176e-58 3.73509018e-36 8.61405504e-22
 1.13873898e-09 2.81481191e-04 9.99437035e-01 2.81481191e-04
 1.13873898e-09 8.61405504e-22 3.73509019e-36 1.67956743e-58
 9.95115448e-65]","[[9.95115448e-65 8.39363528e-59 1.79631501e-44 1.21759613e-39
  1.74351399e-39 1.72534279e-42 3.53570856e-51]
 [8.39368232e-59 3.73509014e-36 4.30702752e-22 3.65685900e-17
  8.37217695e-18 3.65355444e-22 1.72534264e-42]
 [1.79631501e-44 4.30702752e-22 1.13873891e-09 1.40740595e-04
  9.33627448e-06 8.37217695e-18 1.74351401e-39]
 [1.21759613e-39 3.65685900e-17 1.40740595e-04 9.99418363e-01
  1.40740595e-04 3.65685900e-17 1.21759614e-39]
 [1.74351399e-39 8.37217695e-18 9.33627448e-06 1.40740595e-04
  1.13873891e-09 4.30702752e-22 1.79631529e-44]
 [1.72534280e-42 3.65355444e-22 8.37217695e-18 3.65685900e-17
  4.30702752e-22 3.73509015e-36 8.40609881e-59]
 [3.53570856e-51 1.72534265e-42 1.74351401e-39 1.21759614e-39
  1.79631529e-44 8.38957548e-59 9.95115448e-65]]","[5.62817028e-26 2.49043121e-21 1.80925581e-11 5.55408812e-09
 2.89230718e-03 2.24939485e-02 9.49227477e-01 2.24939485e-02
 2.89230718e-03 5.55408812e-09 1.80925581e-11 2.49043121e-21
 5.62817029e-26]","[9.44203776e-33 1.74283902e-29 1.82990438e-18 3.92923920e-11
 3.19751610e-05 2.24939540e-02 9.54948142e-01 2.24939540e-02
 3.19751610e-05 3.92923920e-11 1.82990438e-18 1.76500086e-29
 9.44203776e-33]","[[9.44203776e-33 8.71888052e-30 1.26861973e-22 3.31831871e-20
  4.05253868e-20 1.24521563e-21 5.62817029e-26]
 [8.70950966e-30 1.82965066e-18 1.96461960e-11 5.73527792e-09
  2.77704406e-09 1.80925580e-11 1.24521558e-21]
 [1.26861973e-22 1.96461960e-11 3.19636904e-05 1.12469742e-02
  2.89229571e-03 2.77704406e-09 4.05253870e-20]
 [3.31831871e-20 5.73527792e-09 1.12469742e-02 9.49163550e-01
  1.12469742e-02 5.73527792e-09 3.31831873e-20]
 [4.05253868e-20 2.77704406e-09 2.89229571e-03 1.12469742e-02
  3.19636904e-05 1.96461960e-11 1.26861983e-22]
 [1.24521563e-21 1.80925580e-11 2.77704406e-09 5.73527792e-09
  1.96461960e-11 1.82965066e-18 8.93322563e-30]
 [5.62817028e-26 1.24521558e-21 4.05253870e-20 3.31831873e-20
  1.26861983e-22 8.71678300e-30 9.44203776e-33]]"
0.08684243782945526,0.025751708632080685,0.03286434675760308,0.0036865089317943273,"[2.13753632e-54 8.53242938e-45 8.49831891e-24 1.23804621e-18
 3.44353466e-06 1.89032252e-04 9.99615048e-01 1.89032252e-04
 3.44353466e-06 1.23804621e-18 8.49831891e-24 8.53242796e-45
 2.13770966e-54]","[7.20162952e-65 5.44406522e-60 2.99521392e-37 1.79192855e-22
 5.71190192e-10 1.89032252e-04 9.99621934e-01 1.89032252e-04
 5.71190192e-10 1.79192855e-22 2.99521392e-37 5.45542468e-60
 7.20162952e-65]","[[7.20162952e-65 2.72205241e-60 1.05136945e-45 5.78552318e-41
  1.36020151e-41 4.26620503e-45 2.13770966e-54]
 [2.72201281e-60 2.99521390e-37 8.95964274e-23 7.76437864e-18
  6.19023105e-19 8.49831891e-24 4.26622293e-45]
 [1.05136945e-45 8.95964274e-23 5.71190176e-10 9.45161260e-05
  3.44353466e-06 6.19023105e-19 1.36020166e-41]
 [5.78552318e-41 7.76437864e-18 9.45161260e-05 9.99615047e-01
  9.45161260e-05 7.76437864e-18 5.78552316e-41]
 [1.36020151e-41 6.19023105e-19 3.44353466e-06 9.45161260e-05
  5.71190176e-10 8.95964274e-23 1.05136942e-45]
 [4.26620574e-45 8.49831891e-24 6.19023105e-19 7.76437864e-18
  8.95964274e-23 2.99521390e-37 2.73537105e-60]
 [2.13753632e-54 4.26622364e-45 1.36020166e-41 5.78552316e-41
  1.05136942e-45 2.72005363e-60 7.20162952e-65]]","[1.39990690e-27 1.25249433e-22 2.79136152e-12 1.52641406e-09
 1.77687773e-03 1.86391272e-02 9.59167987e-01 1.86391272e-02
 1.77687773e-03 1.52641406e-09 2.79136152e-12 1.25249423e-22
 1.39996367e-27]","[8.12564402e-33 3.23998768e-30 5.24200295e-19 1.81284646e-11
 2.29015802e-05 1.86391287e-02 9.62675939e-01 1.86391287e-02
 2.29015802e-05 1.81284646e-11 5.24200295e-19 3.22503616e-30
 8.12564402e-33]","[[8.12564402e-33 1.62028201e-30 3.10475512e-23 7.29886838e-21
  3.65356930e-21 6.26246464e-23 1.39996367e-27]
 [1.61970567e-30 5.24138200e-19 9.06423231e-12 2.67128572e-09
  7.63207029e-10 2.79136151e-12 6.26247763e-23]
 [3.10475512e-23 9.06423231e-12 2.28962376e-05 9.31956359e-03
  1.77687239e-03 7.63207029e-10 3.65356946e-21]
 [7.29886838e-21 2.67128572e-09 9.31956359e-03 9.59122195e-01
  9.31956359e-03 2.67128572e-09 7.29886837e-21]
 [3.65356930e-21 7.63207029e-10 1.77687239e-03 9.31956359e-03
  2.28962376e-05 9.06423231e-12 3.10475507e-23]
 [6.26246517e-23 2.79136151e-12 7.63207029e-10 2.67128572e-09
  9.06423231e-12 5.24138200e-19 1.60533429e-30]
 [1.39990690e-27 6.26247817e-23 3.65356945e-21 7.29886837e-21
  3.10475508e-23 1.61970187e-30 8.12564402e-33]]"
0.06919270417858209,0.020466222178202237,0.02483403641687025,0.0022764697878628615,"[9.96996605e-58 1.89957168e-47 1.99355138e-25 1.00196402e-19
 1.28818722e-06 1.26794050e-04 9.99743836e-01 1.26794050e-04
 1.28818722e-06 1.00196402e-19 1.99355138e-25 1.89956826e-47
 9.96981932e-58]","[9.96542309e-65 1.31096151e-61 1.98397796e-38 3.41250956e-23
 2.78112364e-10 1.26794050e-04 9.99746411e-01 1.26794050e-04
 2.78112364e-10 3.41250956e-23 1.98397796e-38 1.31848911e-61
 9.96542309e-65]","[[9.96542309e-65 6.47240364e-62 5.16996004e-47 2.89922555e-42
  1.28426987e-43 9.49784829e-48 9.96981932e-58]
 [6.63721142e-62 1.98397795e-38 1.70625478e-23 1.67921869e-18
  5.00982012e-20 1.99355138e-25 9.49783434e-48]
 [5.16996004e-47 1.70625478e-23 2.78112361e-10 6.33970249e-05
  1.28818722e-06 5.00982012e-20 1.28427007e-43]
 [2.89922555e-42 1.67921869e-18 6.33970249e-05 9.99743835e-01
  6.33970249e-05 1.67921869e-18 2.89922521e-42]
 [1.28426987e-43 5.00982012e-20 1.28818722e-06 6.33970249e-05
  2.78112361e-10 1.70625478e-23 5.16995687e-47]
