2.208214047423535,0.6123590078871275,1.129327271038141,0.25706737597368146,"[2.11217811e-19 2.18013891e-14 8.99760518e-10 1.73070559e-05
 1.32949489e-01 2.34162279e-01 2.65741848e-01 2.34162279e-01
 1.32949489e-01 1.73070559e-05 8.99760518e-10 2.18013891e-14
 2.11217811e-19]","[5.65465092e-27 2.29079503e-18 2.58535104e-13 8.06419387e-09
 8.10302718e-05 2.34179578e-01 5.31478768e-01 2.34179578e-01
 8.10302718e-05 8.06419387e-09 2.58535104e-13 2.29079503e-18
 5.65465092e-27]","[[5.65465092e-27 1.14539751e-18 2.36271732e-14 1.20698121e-10
  1.37023265e-10 1.09006945e-14 2.11217811e-19]
 [1.14539751e-18 2.11280757e-13 3.91139881e-09 7.62502386e-06
  8.65340727e-06 6.25713989e-10 1.09006945e-14]
 [2.36271732e-14 3.91139881e-09 6.57799500e-05 1.17081136e-01
  1.32934239e-01 8.65340727e-06 1.37023265e-10]
 [1.20698121e-10 7.62502386e-06 1.17081136e-01 2.65610288e-01
  1.17081136e-01 7.62502386e-06 1.20698121e-10]
 [1.37023265e-10 8.65340727e-06 1.32934239e-01 1.17081136e-01
  6.57799500e-05 3.91139881e-09 2.36271732e-14]
 [1.09006945e-14 6.25713989e-10 8.65340727e-06 7.62502386e-06
  3.91139881e-09 2.11280757e-13 1.14539751e-18]
 [2.11217811e-19 1.09006945e-14 1.37023265e-10 1.20698121e-10
  2.36271732e-14 1.14539751e-18 5.65465092e-27]]","[1.52355340e-10 9.78691018e-08 2.44026190e-05 2.79581731e-03
 1.26240852e-01 2.40249581e-01 2.61378500e-01 2.40249581e-01
 1.26240852e-01 2.79581731e-03 2.44026190e-05 9.78691018e-08
 1.52355340e-10]","[2.49284521e-14 7.19700123e-10 4.19543317e-07 8.73416539e-05
 7.62244252e-03 2.42958153e-01 4.98663284e-01 2.42958153e-01
 7.62244252e-03 8.73416539e-05 4.19543317e-07 7.19700123e-10
 2.49284521e-14]","[[2.49284521e-14 3.59850061e-10 7.26166866e-08 3.71950326e-06
  3.92714339e-06 4.89345509e-08 1.52355340e-10]
 [3.59850061e-10 2.74309944e-07 3.99513237e-05 1.33647729e-03
  1.39418915e-03 1.65483323e-05 4.89345509e-08]
 [7.26166866e-08 3.99513237e-05 4.94163366e-03 1.20084839e-01
  1.23567752e-01 1.39418915e-03 3.92714339e-06]
 [3.71950326e-06 1.33647729e-03 1.20084839e-01 2.51494684e-01
  1.20084839e-01 1.33647729e-03 3.71950326e-06]
 [3.92714339e-06 1.39418915e-03 1.23567752e-01 1.20084839e-01
  4.94163366e-03 3.99513237e-05 7.26166866e-08]
 [4.89345509e-08 1.65483323e-05 1.39418915e-03 1.33647729e-03
  3.99513237e-05 2.74309944e-07 3.59850061e-10]
 [1.52355340e-10 4.89345509e-08 3.92714339e-06 3.71950326e-06
  7.26166866e-08 3.59850061e-10 2.49284521e-14]]"
2.2550119403775177,0.6574135576190068,1.1664626920881331,0.2937448627574255,"[1.03434057e-18 7.19163653e-14 1.99976629e-09 2.58284859e-05
 1.33084233e-01 2.33938742e-01 2.65902389e-01 2.33938742e-01
 1.33084233e-01 2.58284859e-05 1.99976629e-09 7.19163653e-14
 1.03434057e-18]","[5.74445426e-25 2.20025968e-17 1.70301077e-12 3.21528874e-08
 1.74320932e-04 2.33964538e-01 5.31722217e-01 2.33964538e-01
 1.74320932e-04 3.21528874e-08 1.70301077e-12 2.20025968e-17
 5.74445426e-25]","[[5.74445426e-25 1.10012984e-17 1.13149601e-13 2.64557578e-10
  3.01054595e-10 3.59581827e-14 1.03434057e-18]
 [1.10012984e-17 1.47671156e-12 1.58118861e-08 1.13603481e-05
  1.29139784e-05 1.39765710e-09 3.59581827e-14]
 [1.13149601e-13 1.58118861e-08 1.51599634e-04 1.16969355e-01
  1.33061512e-01 1.29139784e-05 3.01054595e-10]
 [2.64557578e-10 1.13603481e-05 1.16969355e-01 2.65599190e-01
  1.16969355e-01 1.13603481e-05 2.64557578e-10]
 [3.01054595e-10 1.29139784e-05 1.33061512e-01 1.16969355e-01
  1.51599634e-04 1.58118861e-08 1.13149601e-13]
 [3.59581827e-14 1.39765710e-09 1.29139784e-05 1.13603481e-05
  1.58118861e-08 1.47671156e-12 1.10012984e-17]
 [1.03434057e-18 3.59581827e-14 3.01054595e-10 2.64557578e-10
  1.13149601e-13 1.10012984e-17 5.74445426e-25]]","[3.29353405e-10 1.73517310e-07 3.55217537e-05 3.34474018e-03
 1.24652370e-01 2.39928350e-01 2.64077689e-01 2.39928350e-01
 1.24652370e-01 3.34474018e-03 3.55217537e-05 1.73517310e-07
 3.29353405e-10]","[2.45445326e-13 2.21771203e-09 9.90601039e-07 1.57284356e-04
 1.02722208e-02 2.43115977e-01 4.92907050e-01 2.43115977e-01
 1.02722208e-02 1.57284356e-04 9.90601039e-07 2.21771203e-09
 2.45445326e-13]","[[2.45445326e-13 1.10885602e-09 1.54626405e-07 5.43214697e-06
  5.70218307e-06 8.67586552e-08 3.29353405e-10]
 [1.10885602e-09 6.81348229e-07 7.32100311e-05 1.61904623e-03
  1.66693794e-03 2.41173876e-05 8.67586552e-08]
 [1.54626405e-07 7.32100311e-05 7.02272402e-03 1.19890964e-01
  1.21413968e-01 1.66693794e-03 5.70218307e-06]
 [5.43214697e-06 1.61904623e-03 1.19890964e-01 2.50030878e-01
  1.19890964e-01 1.61904623e-03 5.43214697e-06]
 [5.70218307e-06 1.66693794e-03 1.21413968e-01 1.19890964e-01
  7.02272402e-03 7.32100311e-05 1.54626405e-07]
 [8.67586552e-08 2.41173876e-05 1.66693794e-03 1.61904623e-03
  7.32100311e-05 6.81348229e-07 1.10885602e-09]
 [3.29353405e-10 8.67586552e-08 5.70218307e-06 5.43214697e-06
  1.54626405e-07 1.10885602e-09 2.45445326e-13]]"
2.3232794259993823,0.7239535529896601,1.216909810388605,0.3463650338533324,"[3.99085394e-18 1.99225550e-13 3.97507801e-09 3.64938621e-05
 1.33080084e-01 2.33862067e-01 2.66042703e-01 2.33862067e-01
 1.33080084e-01 3.64938621e-05 3.97507801e-09 1.99225550e-13
 3.99085394e-18]","[3.86529649e-23 2.05673104e-16 1.17243906e-11 1.42219320e-07
 4.37595949e-04 2.33898418e-01 5.31327687e-01 2.33898418e-01
 4.37595949e-04 1.42219320e-07 1.17243906e-11 2.05673104e-16
 3.86529649e-23]","[[3.86529649e-23 1.02836552e-16 5.74628972e-13 5.13771318e-10
  5.85745395e-10 9.96127750e-14 3.99085394e-18]
 [1.02836552e-16 1.05751326e-11 7.05958885e-08 1.60633992e-05
  1.82464173e-05 2.80358722e-09 9.96127750e-14]
 [5.74628972e-13 7.05958885e-08 4.05467979e-04 1.16930963e-01
  1.33047957e-01 1.82464173e-05 5.85745395e-10]
 [5.13771318e-10 1.60633992e-05 1.16930963e-01 2.65231767e-01
  1.16930963e-01 1.60633992e-05 5.13771318e-10]
 [5.85745395e-10 1.82464173e-05 1.33047957e-01 1.16930963e-01
  4.05467979e-04 7.05958885e-08 5.74628972e-13]
 [9.96127750e-14 2.80358722e-09 1.82464173e-05 1.60633992e-05
  7.05958885e-08 1.05751326e-11 1.02836552e-16]
 [3.99085394e-18 9.96127750e-14 5.85745395e-10 5.13771318e-10
  5.74628972e-13 1.02836552e-16 3.86529649e-23]]","[6.25229124e-10 2.78556569e-07 4.82724887e-05 3.84799074e-03
 1.21874464e-01 2.39843182e-01 2.68771623e-01 2.39843182e-01
 1.21874464e-01 3.84799074e-03 4.82724887e-05 2.78556569e-07
 6.25229124e-10]","[1.94579771e-12 6.73531813e-09 2.33365599e-06 2.87179042e-04
 1.40860144e-02 2.43404266e-01 4.84440401e-01 2.43404266e-01
 1.40860144e-02 2.87179042e-04 2.33365599e-06 6.73531813e-09
 1.94579771e-12]","[[1.94579771e-12 3.36765906e-09 3.26125584e-07 7.44001721e-06
  7.71020533e-06 1.39278284e-07 6.25229124e-10]
 [3.36765906e-09 1.68140482e-06 1.36149504e-04 1.90942978e-03
  1.91655535e-03 3.28520781e-05 1.39278284e-07]
 [3.26125584e-07 1.36149504e-04 1.02517345e-02 1.19785438e-01
  1.18054952e-01 1.91655535e-03 7.71020533e-06]
 [7.44001721e-06 1.90942978e-03 1.19785438e-01 2.48264791e-01
  1.19785438e-01 1.90942978e-03 7.44001721e-06]
 [7.71020533e-06 1.91655535e-03 1.18054952e-01 1.19785438e-01
  1.02517345e-02 1.36149504e-04 3.26125584e-07]
 [1.39278284e-07 3.28520781e-05 1.91655535e-03 1.90942978e-03
  1.36149504e-04 1.68140482e-06 3.36765906e-09]
 [6.25229124e-10 1.39278284e-07 7.71020533e-06 7.44001721e-06
  3.26125584e-07 3.36765906e-09 1.94579771e-12]]"
2.4356666693015145,0.8351478720614041,1.2902450568935644,0.4296772499946986,"[1.17534962e-17 4.56230230e-13 7.06449135e-09 4.88516739e-05
 1.32304297e-01 2.34162293e-01 2.66969104e-01 2.34162293e-01
 1.32304297e-01 4.88516739e-05 7.06449135e-09 4.56230230e-13
 1.17534962e-17]","[1.62858931e-21 1.96653460e-15 8.75373478e-11 7.39891566e-07
 1.45651952e-03 2.34210405e-01 5.28664672e-01 2.34210405e-01
 1.45651952e-03 7.39891566e-07 8.75373478e-11 1.96653460e-15
 1.62858931e-21]","[[1.62858931e-21 9.83267301e-16 3.60232374e-12 8.68294323e-10
  9.89348669e-10 2.28115115e-13 1.17534962e-17]
 [9.83267301e-16 8.03327004e-11 3.69077489e-07 2.17556085e-05
  2.44249686e-05 5.08579401e-09 2.28115115e-13]
 [3.60232374e-12 3.69077489e-07 1.41300633e-03 1.17080777e-01
  1.32260785e-01 2.44249686e-05 9.89348669e-10]
 [8.68294323e-10 2.17556085e-05 1.17080777e-01 2.64143091e-01
  1.17080777e-01 2.17556085e-05 8.68294323e-10]
 [9.89348669e-10 2.44249686e-05 1.32260785e-01 1.17080777e-01
  1.41300633e-03 3.69077489e-07 3.60232374e-12]
 [2.28115115e-13 5.08579401e-09 2.44249686e-05 2.17556085e-05
  3.69077489e-07 8.03327004e-11 9.83267301e-16]
 [1.17534962e-17 2.28115115e-13 9.89348669e-10 8.68294323e-10
  3.60232374e-12 9.83267301e-16 1.62858931e-21]]","[1.01434394e-09 3.96244639e-07 6.02484427e-05 4.19945147e-03
 1.16504311e-01 2.40272311e-01 2.77926563e-01 2.40272311e-01
 1.16504311e-01 4.19945147e-03 6.02484427e-05 3.96244639e-07
 1.01434394e-09]","[1.19400871e-11 2.03048281e-08 5.59066327e-06 5.47451229e-04
 2.03493178e-02 2.43924687e-01 4.70345866e-01 2.43924687e-01
 2.03493178e-02 5.47451229e-04 5.59066327e-06 2.03048281e-08
 1.19400871e-11]","[[1.19400871e-11 1.01524140e-08 7.12188186e-07 9.46303299e-06
  9.50557763e-06 1.98122319e-07 1.01434394e-09]
 [1.01524140e-08 4.16628690e-06 2.64262582e-04 2.19653077e-03
  2.09026270e-03 4.12372874e-05 1.98122319e-07]
 [7.12188186e-07 2.64262582e-04 1.59372451e-02 1.19871883e-01
  1.12109825e-01 2.09026270e-03 9.50557763e-06]
 [9.46303299e-06 2.19653077e-03 1.19871883e-01 2.46043740e-01
  1.19871883e-01 2.19653077e-03 9.46303299e-06]
 [9.50557763e-06 2.09026270e-03 1.12109825e-01 1.19871883e-01
  1.59372451e-02 2.64262582e-04 7.12188186e-07]
 [1.98122319e-07 4.12372874e-05 2.09026270e-03 2.19653077e-03
  2.64262582e-04 4.16628690e-06 1.01524140e-08]
 [1.01434394e-09 1.98122319e-07 9.50557763e-06 9.46303299e-06
  7.12188186e-07 1.01524140e-08 1.19400871e-11]]"
2.6182591984478756,1.0194513242456038,1.3913799647896175,0.5582494843816019,"[2.38551288e-17 8.17692394e-13 1.11798700e-08 6.15863874e-05
 1.27775589e-01 2.35632287e-01 2.73061051e-01 2.35632287e-01
 1.27775589e-01 6.15863874e-05 1.11798700e-08 8.17692394e-13
 2.38551288e-17]","[3.37667508e-20 1.65415463e-14 6.24639082e-10 4.01276343e-06
 5.83472214e-03 2.35689861e-01 5.16942807e-01 2.35689861e-01
 5.83472214e-03 4.01276343e-06 6.24639082e-10 1.65415463e-14
 3.37667508e-20]","[[3.37667508e-20 8.27077317e-15 2.39813989e-11 1.20902343e-09
  1.35739535e-09 4.08846197e-13 2.38551288e-17]
 [8.27077317e-15 5.76676285e-10 2.00517269e-06 2.91027533e-05
  3.07919847e-05 8.46507925e-09 4.08846197e-13]
 [2.39813989e-11 2.00517269e-06 5.77651392e-03 1.17814139e-01
  1.27717384e-01 3.07919847e-05 1.35739535e-09]
 [1.20902343e-09 2.91027533e-05 1.17814139e-01 2.61508022e-01
  1.17814139e-01 2.91027533e-05 1.20902343e-09]
 [1.35739535e-09 3.07919847e-05 1.27717384e-01 1.17814139e-01
  5.77651392e-03 2.00517269e-06 2.39813989e-11]
 [4.08846197e-13 8.46507925e-09 3.07919847e-05 2.91027533e-05
  2.00517269e-06 5.76676285e-10 8.27077317e-15]
 [2.38551288e-17 4.08846197e-13 1.35739535e-09 1.20902343e-09
  2.39813989e-11 8.27077317e-15 3.37667508e-20]]","[1.31899492e-09 4.76418446e-07 6.69494676e-05 4.24461917e-03
 1.06531800e-01 2.41583545e-01 2.95145218e-01 2.41583545e-01
 1.06531800e-01 4.24461917e-03 6.69494676e-05 4.76418446e-07
 1.31899492e-09]","[4.96245836e-11 5.49626330e-08 1.27842495e-05 1.04976895e-03
 3.08929071e-02 2.44778817e-01 4.46531336e-01 2.44778817e-01
 3.08929071e-02 1.04976895e-03 1.27842495e-05 5.49626330e-08
 4.96245836e-11]","[[4.96245836e-11 2.74813165e-08 1.53248496e-06 1.09296131e-05
  1.02077806e-05 2.38209223e-07 1.31899492e-09]
 [2.74813165e-08 9.71927957e-06 5.13954864e-04 2.46993045e-03
  2.11137997e-03 4.65339064e-05 2.38209223e-07]
 [1.53248496e-06 5.13954864e-04 2.59326306e-02 1.20277790e-01
  1.01588874e-01 2.11137997e-03 1.02077806e-05]
 [1.09296131e-05 2.46993045e-03 1.20277790e-01 2.43260518e-01
  1.20277790e-01 2.46993045e-03 1.09296131e-05]
 [1.02077806e-05 2.11137997e-03 1.01588874e-01 1.20277790e-01
  2.59326306e-02 5.13954864e-04 1.53248496e-06]
 [2.38209223e-07 4.65339064e-05 2.11137997e-03 2.46993045e-03
  5.13954864e-04 9.71927957e-06 2.74813165e-08]
 [1.31899492e-09 2.38209223e-07 1.02077806e-05 1.09296131e-05
  1.53248496e-06 2.74813165e-08 4.96245836e-11]]"
2.8166747623552406,1.2284269913040158,1.4784640065885177,0.6899600918851125,"[2.77211144e-17 1.04531723e-12 1.60407309e-08 7.22973080e-05
 1.14034638e-01 2.39441960e-01 2.92902176e-01 2.39441960e-01
 1.14034638e-01 7.22973080e-05 1.60407309e-08 1.04531723e-12
 2.77211144e-17]","[2.27124262e-19 7.99553501e-14 3.03020135e-09 1.57059586e-05
 1.81589924e-02 2.39498552e-01 4.84653494e-01 2.39498552e-01
 1.81589924e-02 1.57059586e-05 3.03020135e-09 7.99553501e-14
 2.27124262e-19]","[[2.27124262e-19 3.99776750e-14 9.77947003e-11 1.27275204e-09
  1.33887811e-09 5.22658614e-13 2.77211144e-17]
 [3.99776750e-14 2.83461195e-09 7.85170656e-06 4.03676285e-05
  3.61473812e-05 1.33629747e-08 5.22658614e-13]
 [9.77947003e-11 7.85170656e-06 1.80782545e-02 1.19713129e-01
  1.13953903e-01 3.61473812e-05 1.33887811e-09]
 [1.27275204e-09 4.03676285e-05 1.19713129e-01 2.56745661e-01
  1.19713129e-01 4.03676285e-05 1.27275204e-09]
 [1.33887811e-09 3.61473812e-05 1.13953903e-01 1.19713129e-01
  1.80782545e-02 7.85170656e-06 9.77947003e-11]
 [5.22658614e-13 1.33629747e-08 3.61473812e-05 4.03676285e-05
  7.85170656e-06 2.83461195e-09 3.99776750e-14]
 [2.77211144e-17 5.22658614e-13 1.33887811e-09 1.27275204e-09
  9.77947003e-11 3.99776750e-14 2.27124262e-19]]","[1.28757397e-09 4.69214470e-07 6.62964659e-05 4.00395302e-03
 9.35488143e-02 2.43489986e-01 3.17780960e-01 2.43489986e-01
 9.35488143e-02 4.00395302e-03 6.62964659e-05 4.69214470e-07
 1.28757397e-09]","[1.16546332e-10 1.09738572e-07 2.38317426e-05 1.75857580e-03
 4.41290506e-02 2.45735723e-01 4.16705419e-01 2.45735723e-01
 4.41290506e-02 1.75857580e-03 2.38317426e-05 1.09738572e-07
 1.16546332e-10]","[[1.16546332e-10 5.48692859e-08 2.65976874e-06 1.11909306e-05
  9.23669518e-06 2.34607235e-07 1.28757397e-09]
 [5.48692859e-08 1.85122051e-05 8.68096967e-04 2.72320973e-03
  1.99078558e-03 4.78230755e-05 2.34607235e-07]
 [2.65976874e-06 8.68096967e-04 3.86641577e-02 1.20876841e-01
  8.80970753e-02 1.99078558e-03 9.23669518e-06]
 [1.11909306e-05 2.72320973e-03 1.20876841e-01 2.40415620e-01
  1.20876841e-01 2.72320973e-03 1.11909306e-05]
 [9.23669518e-06 1.99078558e-03 8.80970753e-02 1.20876841e-01
  3.86641577e-02 8.68096967e-04 2.65976874e-06]
 [2.34607235e-07 4.78230755e-05 1.99078558e-03 2.72320973e-03
  8.68096967e-04 1.85122051e-05 5.48692859e-08]
 [1.28757397e-09 2.34607235e-07 9.23669518e-06 1.11909306e-05
  2.65976874e-06 5.48692859e-08 1.16546332e-10]]"
2.930098346854594,1.3608273477966955,1.5092427985373271,0.7598749694216123,"[1.69497182e-17 9.49281312e-13 2.29195753e-08 8.21995713e-05
 9.60198777e-02 2.43987896e-01 3.19820008e-01 2.43987896e-01
 9.60198777e-02 8.21995713e-05 2.29195753e-08 9.49281312e-13
 1.69497182e-17]","[4.26525782e-19 1.73152626e-13 8.46706298e-09 3.63260135e-05
 3.39024936e-02 2.44033769e-01 4.44054805e-01 2.44033769e-01
 3.39024936e-02 3.63260135e-05 8.46706298e-09 1.73152626e-13
 4.26525782e-19]","[[4.26525782e-19 8.65763131e-14 1.77275803e-10 1.00050646e-09
  9.23000217e-10 4.74640656e-13 1.69497182e-17]
 [8.65763131e-14 8.11251137e-09 1.81620063e-05 5.64430387e-05
  4.10987851e-05 2.10735748e-08 4.74640656e-13]
 [1.77275803e-10 1.81620063e-05 3.37896057e-02 1.21975786e-01
  9.59069913e-02 4.10987851e-05 9.23000217e-10]
 [1.00050646e-09 5.64430387e-05 1.21975786e-01 2.52240780e-01
  1.21975786e-01 5.64430387e-05 1.00050646e-09]
 [9.23000217e-10 4.10987851e-05 9.59069913e-02 1.21975786e-01
  3.37896057e-02 1.81620063e-05 1.77275803e-10]
 [4.74640656e-13 2.10735748e-08 4.10987851e-05 5.64430387e-05
  1.81620063e-05 8.11251137e-09 8.65763131e-14]
 [1.69497182e-17 4.74640656e-13 9.23000217e-10 1.00050646e-09
  1.77275803e-10 8.65763131e-14 4.26525782e-19]]","[9.51302131e-10 3.96110308e-07 6.33586476e-05 3.78278811e-03
 8.34113001e-02 2.44952624e-01 3.35579063e-01 2.44952624e-01
 8.34113001e-02 3.78278811e-03 6.33586476e-05 3.96110308e-07
 9.51302131e-10]","[1.50907169e-10 1.49961381e-07 3.41983187e-05 2.40376563e-03
 5.45252313e-02 2.46331893e-01 3.93409523e-01 2.46331893e-01
 5.45252313e-02 2.40376563e-03 3.41983187e-05 1.49961381e-07
 1.50907169e-10]","[[1.50907169e-10 7.49806907e-08 3.31297125e-06 1.00873540e-05
  7.29873289e-06 1.98055154e-07 9.51302131e-10]
 [7.49806907e-08 2.75723762e-05 1.19179546e-03 2.95579455e-03
  1.88130670e-03 4.87611818e-05 1.98055154e-07]
 [3.31297125e-06 1.19179546e-03 4.85990448e-02 1.21284442e-01
  7.74930851e-02 1.88130670e-03 7.29873289e-06]
 [1.00873540e-05 2.95579455e-03 1.21284442e-01 2.38325829e-01
  1.21284442e-01 2.95579455e-03 1.00873540e-05]
 [7.29873289e-06 1.88130670e-03 7.74930851e-02 1.21284442e-01
  4.85990448e-02 1.19179546e-03 3.31297125e-06]
 [1.98055154e-07 4.87611818e-05 1.88130670e-03 2.95579455e-03
  1.19179546e-03 2.75723762e-05 7.49806907e-08]
 [9.51302131e-10 1.98055154e-07 7.29873289e-06 1.00873540e-05
  3.31297125e-06 7.49806907e-08 1.50907169e-10]]"
2.974922945751083,1.4217022805924362,1.5129529106584416,0.7849979454695966,"[5.89346839e-18 6.60014796e-13 3.41258846e-08 9.53098271e-05
 8.36498633e-02 2.46831687e-01 3.38846212e-01 2.46831687e-01
 8.36498633e-02 9.53098271e-05 3.41258846e-08 6.60014796e-13
 5.89346839e-18]","[2.87404346e-19 1.93381350e-13 1.61680233e-08 5.82935287e-05
 4.45356787e-02 2.46868703e-01 4.17074617e-01 2.46868703e-01
 4.45356787e-02 5.82935287e-05 1.61680233e-08 1.93381350e-13
 2.87404346e-19]","[[2.87404346e-19 9.66906750e-14 1.65844539e-10 6.12513874e-10
  4.89735017e-10 3.30007398e-13 5.89346839e-18]
 [9.66906750e-14 1.58363342e-08 2.91461518e-05 7.47527729e-05
  4.76543010e-05 3.31464146e-08 3.30007398e-13]
 [1.65844539e-10 2.91461518e-05 4.43861722e-02 1.23386697e-01
  8.35003574e-02 4.76543010e-05 4.89735017e-10]
 [6.12513874e-10 7.47527729e-05 1.23386697e-01 2.50073836e-01
  1.23386697e-01 7.47527729e-05 6.12513874e-10]
 [4.89735017e-10 4.76543010e-05 8.35003574e-02 1.23386697e-01
  4.43861722e-02 2.91461518e-05 1.65844539e-10]
 [3.30007398e-13 3.31464146e-08 4.76543010e-05 7.47527729e-05
  2.91461518e-05 1.58363342e-08 9.66906750e-14]
 [5.89346839e-18 3.30007398e-13 4.89735017e-10 6.12513874e-10
  1.65844539e-10 9.66906750e-14 2.87404346e-19]]","[5.48515835e-10 3.00587189e-07 6.23031673e-05 3.73142025e-03
 7.79378031e-02 2.45642002e-01 3.45252340e-01 2.45642002e-01
 7.79378031e-02 3.73142025e-03 6.23031673e-05 3.00587189e-07
 5.48515835e-10]","[1.21129620e-10 1.50855560e-07 4.09794580e-05 2.84997797e-03
 6.04023513e-02 2.46523594e-01 3.80365892e-01 2.46523594e-01
 6.04023513e-02 2.84997797e-03 4.09794580e-05 1.50855560e-07
 1.21129620e-10]","[[1.21129620e-10 7.54277798e-08 3.10977265e-06 7.98761481e-06
  5.23453070e-06 1.50293595e-07 5.48515835e-10]
 [7.54277798e-08 3.47599127e-05 1.41700137e-03 3.16450217e-03
  1.85772251e-03 5.18341059e-05 1.50293595e-07]
 [3.10977265e-06 1.41700137e-03 5.40628779e-02 1.21403924e-01
  7.16025792e-02 1.85772251e-03 5.23453070e-06]
 [7.98761481e-06 3.16450217e-03 1.21403924e-01 2.37057064e-01
  1.21403924e-01 3.16450217e-03 7.98761481e-06]
 [5.23453070e-06 1.85772251e-03 7.16025792e-02 1.21403924e-01
  5.40628779e-02 1.41700137e-03 3.10977265e-06]
 [1.50293595e-07 5.18341059e-05 1.85772251e-03 3.16450217e-03
  1.41700137e-03 3.47599127e-05 7.54277798e-08]
 [5.48515835e-10 1.50293595e-07 5.23453070e-06 7.98761481e-06
  3.10977265e-06 7.54277798e-08 1.21129620e-10]]"
2.994150452403466,1.4498622486513466,1.51383823767355,0.7948655549326591,"[1.23821640e-18 3.52643425e-13 4.86610935e-08 1.09881489e-04
 7.73007831e-02 2.48092146e-01 3.48994282e-01 2.48092146e-01
 7.73007831e-02 1.09881489e-04 4.86610935e-08 3.52643425e-13
 1.23821640e-18]","[8.98308252e-20 1.32036750e-13 2.44390913e-08 7.65768245e-05
 4.98959822e-02 2.48125450e-01 4.03803933e-01 2.48125450e-01
 4.98959822e-02 7.65768245e-05 2.44390913e-08 1.32036750e-13
 8.98308252e-20]","[[8.98308252e-20 6.60183752e-14 9.81565012e-11 2.94040456e-10
  2.10289959e-10 1.76321712e-13 1.23821640e-18]
 [6.60183752e-14 2.42427782e-08 3.82881182e-05 9.16165141e-05
  5.49404503e-05 4.82405136e-08 1.76321712e-13]
 [9.81565012e-11 3.82881182e-05 4.97127487e-02 1.24007785e-01
  7.71175498e-02 5.49404503e-05 2.10289959e-10]
 [2.94040456e-10 9.16165141e-05 1.24007785e-01 2.49568736e-01
  1.24007785e-01 9.16165141e-05 2.94040456e-10]
 [2.10289959e-10 5.49404503e-05 7.71175498e-02 1.24007785e-01
  4.97127487e-02 3.82881182e-05 9.81565012e-11]
 [1.76321712e-13 4.82405136e-08 5.49404503e-05 9.16165141e-05
  3.82881182e-05 2.42427782e-08 6.60183752e-14]
 [1.23821640e-18 1.76321712e-13 2.10289959e-10 2.94040456e-10
  9.81565012e-11 6.60183752e-14 8.98308252e-20]]","[2.49015721e-10 2.05239544e-07 6.28497856e-05 3.78053277e-03
 7.54554845e-02 2.45859599e-01 3.49682656e-01 2.45859599e-01
 7.54554845e-02 3.78053277e-03 6.28497856e-05 2.05239544e-07
 2.49015721e-10]","[6.70719889e-11 1.20383299e-07 4.43810246e-05 3.12217069e-03
 6.32954776e-02 2.46518046e-01 3.74039608e-01 2.46518046e-01
 6.32954776e-02 3.12217069e-03 4.43810246e-05 1.20383299e-07
 6.70719889e-11]","[[6.70719889e-11 6.01916495e-08 2.36308010e-06 5.55487219e-06
  3.41623272e-06 1.02619772e-07 2.49015721e-10]
 [6.01916495e-08 3.96548644e-05 1.55553047e-03 3.32963246e-03
  1.88471151e-03 5.60173202e-05 1.02619772e-07]
 [2.36308010e-06 1.55553047e-03 5.66293802e-02 1.21374209e-01
  6.87914934e-02 1.88471151e-03 3.41623272e-06]
 [5.55487219e-06 3.32963246e-03 1.21374209e-01 2.36344586e-01
  1.21374209e-01 3.32963246e-03 5.55487219e-06]
 [3.41623272e-06 1.88471151e-03 6.87914934e-02 1.21374209e-01
  5.66293802e-02 1.55553047e-03 2.36308010e-06]
 [1.02619772e-07 5.60173202e-05 1.88471151e-03 3.32963246e-03
  1.55553047e-03 3.96548644e-05 6.01916495e-08]
 [2.49015721e-10 1.02619772e-07 3.41623272e-06 5.55487219e-06
  2.36308010e-06 6.01916495e-08 6.70719889e-11]]"
3.002200322204074,1.4622214168148395,1.5138334751218734,0.7984420438867068,"[1.64243140e-19 1.41787168e-13 6.07497242e-08 1.20261490e-04
 7.43158500e-02 2.48551000e-01 3.54025655e-01 2.48551000e-01
 7.43158500e-02 1.20261490e-04 6.07497242e-08 1.41787168e-13
 1.64243140e-19]","[1.53856629e-20 6.06059504e-14 3.04348634e-08 8.80554125e-05
 5.23505738e-02 2.48583206e-01 3.97956268e-01 2.48583206e-01
 5.23505738e-02 8.80554125e-05 3.04348634e-08 6.06059504e-14
 1.53856629e-20]","[[1.53856629e-20 3.03029752e-14 4.15867750e-11 1.11690816e-10
  7.40016545e-11 7.08935842e-14 1.64243140e-19]
 [3.03029752e-14 3.03516899e-08 4.40275945e-05 1.02757342e-04
  6.01306333e-05 6.06017209e-08 7.08935842e-14]
 [4.15867750e-11 4.40275945e-05 5.21450590e-02 1.24231472e-01
  7.41103352e-02 6.01306333e-05 7.40016545e-11]
 [1.11690816e-10 1.02757342e-04 1.24231472e-01 2.49735477e-01
  1.24231472e-01 1.02757342e-04 1.11690816e-10]
 [7.40016545e-11 6.01306333e-05 7.41103352e-02 1.24231472e-01
  5.21450590e-02 4.40275945e-05 4.15867750e-11]
 [7.08935842e-14 6.06017209e-08 6.01306333e-05 1.02757342e-04
  4.40275945e-05 3.03516899e-08 3.03029752e-14]
 [1.64243140e-19 7.08935842e-14 7.40016545e-11 1.11690816e-10
  4.15867750e-11 3.03029752e-14 1.53856629e-20]]","[9.03283552e-11 1.24701617e-07 6.29448131e-05 3.82095236e-03
 7.43571262e-02 2.45915003e-01 3.51687698e-01 2.45915003e-01
 7.43571262e-02 3.82095236e-03 6.29448131e-05 1.24701617e-07
 9.03283552e-11]","[2.76464001e-11 7.97474914e-08 4.50096896e-05 3.25094834e-03
 6.46028884e-02 2.46485052e-01 3.71232044e-01 2.46485052e-01
 6.46028884e-02 3.25094834e-03 4.50096896e-05 7.97474914e-08
 2.76464001e-11]","[[2.76464001e-11 3.98737457e-08 1.52944050e-06 3.42623172e-06
  2.02569433e-06 6.23508086e-08 9.03283552e-11]
 [3.98737457e-08 4.19508086e-05 1.62204794e-03 3.41732332e-03
  1.90704995e-03 5.88934245e-05 6.23508086e-08]
 [1.52944050e-06 1.62204794e-03 5.77641903e-02 1.21335414e-01
  6.75194206e-02 1.90704995e-03 2.02569433e-06]
 [3.42623172e-06 3.41732332e-03 1.21335414e-01 2.36075416e-01
  1.21335414e-01 3.41732332e-03 3.42623172e-06]
 [2.02569433e-06 1.90704995e-03 6.75194206e-02 1.21335414e-01
  5.77641903e-02 1.62204794e-03 1.52944050e-06]
 [6.23508086e-08 5.88934245e-05 1.90704995e-03 3.41732332e-03
  1.62204794e-03 4.19508086e-05 3.98737457e-08]
 [9.03283552e-11 6.23508086e-08 2.02569433e-06 3.42623172e-06
  1.52944050e-06 3.98737457e-08 2.76464001e-11]]"
3.0013231432653376,1.463725502066463,1.5097833239225775,0.7966650357727909,"[1.46723130e-20 4.32682878e-14 6.38261581e-08 1.21880895e-04
 7.29356075e-02 2.48687530e-01 3.56509835e-01 2.48687530e-01
 7.29356075e-02 1.21880895e-04 6.38261581e-08 4.32682878e-14
 1.46723130e-20]","[1.64241907e-21 2.00279893e-14 3.15177243e-08 9.08719040e-05
 5.34322094e-02 2.48718539e-01 3.95516696e-01 2.48718539e-01
 5.34322094e-02 9.08719040e-05 3.15177243e-08 2.00279893e-14
 1.64241907e-21]","[[1.64241907e-21 1.00139946e-14 1.36987250e-11 3.45819551e-11
  2.17672876e-11 2.16341439e-14 1.46723130e-20]
 [1.00139946e-14 3.14903269e-08 4.54359174e-05 1.05111817e-04
  6.09404128e-05 6.37826235e-08 2.16341439e-14]
 [1.36987250e-11 4.54359174e-05 5.32219857e-02 1.24298329e-01
  7.27253839e-02 6.09404128e-05 2.17672876e-11]
 [3.45819551e-11 1.05111817e-04 1.24298329e-01 2.50065800e-01
  1.24298329e-01 1.05111817e-04 3.45819551e-11]
 [2.17672876e-11 6.09404128e-05 7.27253839e-02 1.24298329e-01
  5.32219857e-02 4.54359174e-05 1.36987250e-11]
 [2.16341439e-14 6.37826235e-08 6.09404128e-05 1.05111817e-04
  4.54359174e-05 3.14903269e-08 1.00139946e-14]
 [1.46723130e-20 2.16341439e-14 2.17672876e-11 3.45819551e-11
  1.36987250e-11 1.00139946e-14 1.64241907e-21]]","[2.70097305e-11 6.73822766e-08 6.06866441e-05 3.77779804e-03
 7.37620180e-02 2.45985312e-01 3.52828237e-01 2.45985312e-01
 7.37620180e-02 3.77779804e-03 6.06866441e-05 6.73822766e-08
 2.70097305e-11]","[9.03676418e-12 4.53315406e-08 4.31128088e-05 3.24815808e-03
 6.50511093e-02 2.46514974e-01 3.70285202e-01 2.46514974e-01
 6.50511093e-02 3.24815808e-03 4.31128088e-05 4.53315406e-08
 9.03676418e-12]","[[9.03676418e-12 2.26657703e-08 8.76183656e-07 1.90947520e-06
  1.10044428e-06 3.36911383e-08 2.70097305e-11]
 [2.26657703e-08 4.13604415e-05 1.62216957e-03 3.40024542e-03
  1.88698954e-03 5.84857556e-05 3.36911383e-08]
 [8.76183656e-07 1.62216957e-03 5.82484176e-02 1.21370464e-01
  6.69597748e-02 1.88698954e-03 1.10044428e-06]
 [1.90947520e-06 3.40024542e-03 1.21370464e-01 2.36248681e-01
  1.21370464e-01 3.40024542e-03 1.90947520e-06]
 [1.10044428e-06 1.88698954e-03 6.69597748e-02 1.21370464e-01
  5.82484176e-02 1.62216957e-03 8.76183656e-07]
 [3.36911383e-08 5.84857556e-05 1.88698954e-03 3.40024542e-03
  1.62216957e-03 4.13604415e-05 2.26657703e-08]
 [2.70097305e-11 3.36911383e-08 1.10044428e-06 1.90947520e-06
  8.76183656e-07 2.26657703e-08 9.03676418e-12]]"
2.992254764374095,1.45655753941781,1.5000823823364746,0.7896689440223974,"[9.53319741e-22 1.03736940e-14 5.64393171e-08 1.13950799e-04
 7.22923142e-02 2.48716084e-01 3.57755189e-01 2.48716084e-01
 7.22923142e-02 1.13950799e-04 5.64393171e-08 1.03736940e-14
 9.53319741e-22]","[1.21854294e-22 5.07355202e-15 2.75550514e-08 8.55267484e-05
 5.38871061e-02 2.48744508e-01 3.94565663e-01 2.48744508e-01
 5.38871061e-02 8.55267484e-05 2.75550514e-08 5.07355202e-15
 1.21854294e-22]","[[1.21854294e-22 2.53677601e-15 3.73694706e-12 9.07573362e-12
  5.51325838e-12 5.18684699e-15 9.53319741e-22]
 [2.53677601e-15 2.75475775e-08 4.27633651e-05 9.86225141e-05
  5.69753903e-05 5.64282905e-08 5.18684699e-15]
 [3.73694706e-12 4.27633651e-05 5.36898610e-02 1.24315279e-01
  7.20950691e-02 5.69753903e-05 5.51325838e-12]
 [9.07573362e-12 9.86225141e-05 1.24315279e-01 2.50375412e-01
  1.24315279e-01 9.86225141e-05 9.07573362e-12]
 [5.51325838e-12 5.69753903e-05 7.20950691e-02 1.24315279e-01
  5.36898610e-02 4.27633651e-05 3.73694706e-12]
 [5.18684699e-15 5.64282905e-08 5.69753903e-05 9.86225141e-05
  4.27633651e-05 2.75475775e-08 2.53677601e-15]
 [9.53319741e-22 5.18684699e-15 5.51325838e-12 9.07573362e-12
  3.73694706e-12 2.53677601e-15 1.21854294e-22]]","[6.91607074e-12 3.27370057e-08 5.54124631e-05 3.62491439e-03
 7.32755082e-02 2.46140178e-01 3.53807908e-01 2.46140178e-01
 7.32755082e-02 3.62491439e-03 5.54124631e-05 3.27370057e-08
 6.91607074e-12]","[2.47263807e-12 2.27635682e-08 3.90315712e-05 3.12816708e-03
 6.49914195e-02 2.46636935e-01 3.70408847e-01 2.46636935e-01
 6.49914195e-02 3.12816708e-03 3.90315712e-05 2.27635682e-08
 2.47263807e-12]","[[2.47263807e-12 1.13817841e-08 4.58099846e-07 9.81868058e-07
  5.55674210e-07 1.63685028e-08 6.91607074e-12]
 [1.13817841e-08 3.81153715e-05 1.56310167e-03 3.27412406e-03
  1.81147533e-03 5.43011146e-05 1.63685028e-08]
 [4.58099846e-07 1.56310167e-03 5.84420600e-02 1.21506976e-01
  6.67263439e-02 1.81147533e-03 5.55674210e-07]
 [9.81868058e-07 3.27412406e-03 1.21506976e-01 2.36847557e-01
  1.21506976e-01 3.27412406e-03 9.81868058e-07]
 [5.55674210e-07 1.81147533e-03 6.67263439e-02 1.21506976e-01
  5.84420600e-02 1.56310167e-03 4.58099846e-07]
 [1.63685028e-08 5.43011146e-05 1.81147533e-03 3.27412406e-03
  1.56310167e-03 3.81153715e-05 1.13817841e-08]
 [6.91607074e-12 1.63685028e-08 5.55674210e-07 9.81868058e-07
  4.58099846e-07 1.13817841e-08 2.47263807e-12]]"
2.976638398984039,1.4429160101520453,1.4851999289128297,0.7783683144592208,"[4.83527138e-23 2.03899933e-15 4.28338036e-08 9.90162306e-05
 7.19787129e-02 2.48719414e-01 3.58405627e-01 2.48719414e-01
 7.19787129e-02 9.90162306e-05 4.28338036e-08 2.03899933e-15
 4.83527138e-23]","[6.85437042e-24 1.04129624e-15 2.08069163e-08 7.45321696e-05
 5.40649769e-02 2.48743898e-01 3.94233143e-01 2.48743898e-01
 5.40649769e-02 7.45321696e-05 2.08069163e-08 1.04129624e-15
 6.85437042e-24]","[[6.85437042e-24 5.20648122e-16 8.85470481e-13 2.09394039e-12
  1.23943035e-12 1.01949966e-15 4.83527138e-23]
 [5.20648122e-16 2.08051454e-08 3.72660827e-05 8.58376630e-05
  4.95081132e-05 4.28313248e-08 1.01949966e-15]
 [8.85470481e-13 3.72660827e-05 5.38933016e-02 1.24322441e-01
  7.18070375e-02 4.95081132e-05 1.23943035e-12]
 [2.09394039e-12 8.58376630e-05 1.24322441e-01 2.50618983e-01
  1.24322441e-01 8.58376630e-05 2.09394039e-12]
 [1.23943035e-12 4.95081132e-05 7.18070375e-02 1.24322441e-01
  5.38933016e-02 3.72660827e-05 8.85470481e-13]
 [1.01949966e-15 4.28313248e-08 4.95081132e-05 8.58376630e-05
  3.72660827e-05 2.08051454e-08 5.20648122e-16]
 [4.83527138e-23 1.01949966e-15 1.23943035e-12 2.09394039e-12
  8.85470481e-13 5.20648122e-16 6.85437042e-24]]","[1.56979019e-12 1.45310982e-08 4.77691578e-05 3.37386384e-03
 7.27547857e-02 2.46385192e-01 3.54876749e-01 2.46385192e-01
 7.27547857e-02 3.37386384e-03 4.77691578e-05 1.45310982e-08
 1.56979019e-12]","[5.91037409e-13 1.03534600e-08 3.34681107e-05 2.91631232e-03
 6.46212880e-02 2.46842748e-01 3.71172347e-01 2.46842748e-01
 6.46212880e-02 2.91631232e-03 3.34681107e-05 1.03534600e-08
 5.91037409e-13]","[[5.91037409e-13 5.17672999e-09 2.23696234e-07 4.74400311e-07
  2.64691026e-07 7.26554909e-09 1.56979019e-12]
 [5.17672999e-09 3.30207182e-05 1.45768176e-03 3.05663414e-03
  1.68645752e-03 4.72397758e-05 7.26554909e-09]
 [2.23696234e-07 1.45768176e-03 5.85074903e-02 1.21734909e-01
  6.66410700e-02 1.68645752e-03 2.64691026e-07]
 [4.74400311e-07 3.05663414e-03 1.21734909e-01 2.37795727e-01
  1.21734909e-01 3.05663414e-03 4.74400311e-07]
 [2.64691026e-07 1.68645752e-03 6.66410700e-02 1.21734909e-01
  5.85074903e-02 1.45768176e-03 2.23696234e-07]
 [7.26554909e-09 4.72397758e-05 1.68645752e-03 3.05663414e-03
  1.45768176e-03 3.30207182e-05 5.17672999e-09]
 [1.56979019e-12 7.26554909e-09 2.64691026e-07 4.74400311e-07
  2.23696234e-07 5.17672999e-09 5.91037409e-13]]"
2.956714584988599,1.425154067578211,1.4666937114558964,0.7641925820528988,"[2.02149806e-24 3.41335441e-16 2.85935717e-08 8.08410210e-05
 7.18021942e-02 2.48725511e-01 3.58782850e-01 2.48725511e-01
 7.18021942e-02 8.08410210e-05 2.85935717e-08 3.41335441e-16
 2.02149806e-24]","[3.11405305e-25 1.80893310e-16 1.39004578e-08 6.09759443e-05
 5.41336665e-02 2.48745376e-01 3.94119935e-01 2.48745376e-01
 5.41336665e-02 6.09759443e-05 1.39004578e-08 1.80893310e-16
 3.11405305e-25]","[[3.11405305e-25 9.04466549e-17 1.88455192e-13 4.36866151e-13
  2.53474193e-13 1.70667721e-16 2.02149806e-24]
 [9.04466549e-17 1.39000809e-08 3.04879717e-05 7.01657120e-05
  4.04205101e-05 2.85930648e-08 1.70667721e-16]
 [1.88455192e-13 3.04879717e-05 5.39933351e-02 1.24332268e-01
  7.16618628e-02 4.04205101e-05 2.53474193e-13]
 [4.36866151e-13 7.01657120e-05 1.24332268e-01 2.50796152e-01
  1.24332268e-01 7.01657120e-05 4.36866151e-13]
 [2.53474193e-13 4.04205101e-05 7.16618628e-02 1.24332268e-01
  5.39933351e-02 3.04879717e-05 1.88455192e-13]
 [1.70667721e-16 2.85930648e-08 4.04205101e-05 7.01657120e-05
  3.04879717e-05 1.39000809e-08 9.04466549e-17]
 [2.02149806e-24 1.70667721e-16 2.53474193e-13 4.36866151e-13
  1.88455192e-13 9.04466549e-17 3.11405305e-25]]","[3.24185996e-13 5.98361379e-09 3.90319349e-05 3.05437918e-03
 7.21715968e-02 2.46697342e-01 3.56075288e-01 2.46697342e-01
 7.21715968e-02 3.05437918e-03 3.90319349e-05 5.98361379e-09
 3.24185996e-13]","[1.27239100e-13 4.34908682e-09 2.73021239e-05 2.64364958e-03
 6.40730076e-02 2.47108073e-01 3.72295926e-01 2.47108073e-01
 6.40730076e-02 2.64364958e-03 2.73021239e-05 4.34908682e-09
 1.27239100e-13]","[[1.27239100e-13 2.17454341e-09 1.03669056e-07 2.18294018e-07
  1.20351306e-07 2.99180690e-09 3.24185996e-13]
 [2.17454341e-09 2.70947857e-05 1.32160650e-03 2.77621974e-03
  1.52697129e-03 3.87912322e-05 2.99180690e-09]
 [1.03669056e-07 1.32160650e-03 5.85203274e-02 1.22027062e-01
  6.66189499e-02 1.52697129e-03 1.20351306e-07]
 [2.18294018e-07 2.77621974e-03 1.22027062e-01 2.38980443e-01
  1.22027062e-01 2.77621974e-03 2.18294018e-07]
 [1.20351306e-07 1.52697129e-03 6.66189499e-02 1.22027062e-01
  5.85203274e-02 1.32160650e-03 1.03669056e-07]
 [2.99180690e-09 3.87912322e-05 1.52697129e-03 2.77621974e-03
  1.32160650e-03 2.70947857e-05 2.17454341e-09]
 [3.24185996e-13 2.99180690e-09 1.20351306e-07 2.18294018e-07
  1.03669056e-07 2.17454341e-09 1.27239100e-13]]"
2.934654667356006,1.4053839860241297,1.4463150664337114,0.7485856695698399,"[7.22310809e-26 5.00777568e-17 1.71637080e-08 6.26518965e-05
 7.16719854e-02 2.48741657e-01 3.59047378e-01 2.48741657e-01
 7.16719854e-02 6.26518965e-05 1.71637080e-08 5.00777568e-17
 7.22310809e-26]","[1.19109296e-26 2.74357845e-17 8.38845156e-09 4.73647605e-05
 5.41740343e-02 2.48756944e-01 3.94043298e-01 2.48756944e-01
 5.41740343e-02 4.73647605e-05 8.38845156e-09 2.74357845e-17
 1.19109296e-26]","[[1.19109296e-26 1.37178922e-17 3.68093570e-14 8.39940053e-14
  4.79601168e-14 2.50388784e-17 7.22310809e-26]
 [1.37178922e-17 8.38837794e-09 2.36823802e-05 5.44491662e-05
  3.13259482e-05 1.71636121e-08 2.50388784e-17]
 [3.68093570e-14 2.36823802e-05 5.40651360e-02 1.24347146e-01
  7.15630871e-02 3.13259482e-05 4.79601168e-14]
 [8.39940053e-14 5.44491662e-05 1.24347146e-01 2.50917089e-01
  1.24347146e-01 5.44491662e-05 8.39940053e-14]
 [4.79601168e-14 3.13259482e-05 7.15630871e-02 1.24347146e-01
  5.40651360e-02 2.36823802e-05 3.68093570e-14]
 [2.50388784e-17 1.71636121e-08 3.13259482e-05 5.44491662e-05
  2.36823802e-05 8.38837794e-09 1.37178922e-17]
 [7.22310809e-26 2.50388784e-17 4.79601168e-14 8.39940053e-14
  3.68093570e-14 1.37178922e-17 1.19109296e-26]]","[6.19597837e-14 2.31284600e-09 3.04114512e-05 2.69888193e-03
 7.15418220e-02 2.47046886e-01 3.57363992e-01 2.47046886e-01
 7.15418220e-02 2.69888193e-03 3.04114512e-05 2.31284600e-09
 6.19597837e-14]","[2.51605809e-14 1.71044997e-09 2.13013420e-05 2.33954959e-03
 6.34408370e-02 2.47406219e-01 3.73584182e-01 2.47406219e-01
 6.34408370e-02 2.33954959e-03 2.13013420e-05 1.71044997e-09
 2.51605809e-14]","[[2.51605809e-14 8.55224986e-10 4.60594385e-08 9.65010330e-08
  5.26522897e-08 1.15642300e-09 6.19597837e-14]
 [8.55224986e-10 2.12092232e-05 1.16967829e-03 2.46183769e-03
  1.34934447e-03 3.03061467e-05 1.15642300e-09]
 [4.60594385e-08 1.16967829e-03 5.85170563e-02 1.22353764e-01
  6.66180545e-02 1.34934447e-03 5.26522897e-08]
 [9.65010330e-08 2.46183769e-03 1.22353764e-01 2.40287461e-01
  1.22353764e-01 2.46183769e-03 9.65010330e-08]
 [5.26522897e-08 1.34934447e-03 6.66180545e-02 1.22353764e-01
  5.85170563e-02 1.16967829e-03 4.60594385e-08]
 [1.15642300e-09 3.03061467e-05 1.34934447e-03 2.46183769e-03
  1.16967829e-03 2.12092232e-05 8.55224986e-10]
 [6.19597837e-14 1.15642300e-09 5.26522897e-08 9.65010330e-08
  4.60594385e-08 8.55224986e-10 2.51605809e-14]]"
2.912190408009477,1.3852375471243645,1.4255437734335155,0.7327218358743748,"[2.25025725e-27 6.55798104e-18 9.42267236e-09 4.64609680e-05
 7.15472541e-02 2.48767922e-01 3.59276708e-01 2.48767922e-01
 7.15472541e-02 4.64609680e-05 9.42267236e-09 6.55798104e-18
 2.25025725e-27]","[3.92680894e-28 3.70388864e-18 4.64498198e-09 3.52256182e-05
 5.42227809e-02 2.48779157e-01 3.93925664e-01 2.48779157e-01
 5.42227809e-02 3.52256182e-05 4.64498198e-09 3.70388864e-18
 3.92680893e-28]","[[3.92680894e-28 1.85194432e-18 6.67750021e-15 1.50409808e-14
  8.47567933e-15 3.27899052e-18 2.25025725e-27]
 [1.85194432e-18 4.64496862e-09 1.76128091e-05 4.04412979e-05
  2.32304840e-05 9.42265540e-09 3.27899052e-18]
 [6.67750021e-15 1.76128091e-05 5.41418984e-02 1.24366348e-01
  7.14663715e-02 2.32304840e-05 8.47567933e-15]
 [1.50409808e-14 4.04412979e-05 1.24366348e-01 2.50992902e-01
  1.24366348e-01 4.04412979e-05 1.50409808e-14]
 [8.47567933e-15 2.32304840e-05 7.14663715e-02 1.24366348e-01
  5.41418984e-02 1.76128091e-05 6.67750021e-15]
 [3.27899052e-18 9.42265540e-09 2.32304840e-05 4.04412979e-05
  1.76128091e-05 4.64496862e-09 1.85194432e-18]
 [2.25025725e-27 3.27899052e-18 8.47567933e-15 1.50409808e-14
  6.67750021e-15 1.85194432e-18 3.92680893e-28]]","[1.10596650e-14 8.45521602e-10 2.27195130e-05 2.33459018e-03
 7.08928549e-02 2.47407606e-01 3.58684458e-01 2.47407606e-01
 7.08928549e-02 2.33459018e-03 2.27195130e-05 8.45521602e-10
 1.10596650e-14]","[4.62004040e-15 6.35129777e-10 1.59696538e-05 2.02755082e-03
 6.27903797e-02 2.47714645e-01 3.74902908e-01 2.47714645e-01
 6.27903797e-02 2.02755082e-03 1.59696538e-05 6.35129777e-10
 4.62004040e-15]","[[4.62004040e-15 3.17564888e-10 1.97261679e-08 4.11768372e-08
  2.22604708e-08 4.22760801e-10 1.10596650e-14]
 [3.17564888e-10 1.59302015e-05 1.01373423e-03 2.13752802e-03
  1.16725392e-03 2.26749921e-05 4.22760801e-10]
 [1.97261679e-08 1.01373423e-03 5.85152791e-02 1.22690068e-01
  6.66177594e-02 1.16725392e-03 2.22604708e-08]
 [4.11768372e-08 2.13752802e-03 1.22690068e-01 2.41622039e-01
  1.22690068e-01 2.13752802e-03 4.11768372e-08]
 [2.22604708e-08 1.16725392e-03 6.66177594e-02 1.22690068e-01
  5.85152791e-02 1.01373423e-03 1.97261679e-08]
 [4.22760801e-10 2.26749921e-05 1.16725392e-03 2.13752802e-03
  1.01373423e-03 1.59302015e-05 3.17564888e-10]
 [1.10596650e-14 4.22760801e-10 2.22604708e-08 4.11768372e-08
  1.97261679e-08 3.17564888e-10 4.62004040e-15]]"
2.8905319754513803,1.365836116983625,1.405449617079502,0.7174315829799962,"[6.15066942e-29 7.73514394e-19 4.78582742e-09 3.31493511e-05
 7.14117924e-02 2.48802243e-01 3.59505621e-01 2.48802243e-01
 7.14117924e-02 3.31493511e-05 4.78582742e-09 7.73514394e-19
 6.15066942e-29]","[1.12590232e-29 4.49303337e-19 2.38512809e-09 2.52216204e-05
 5.42938347e-02 2.48810170e-01 3.93741542e-01 2.48810170e-01
 5.42938347e-02 2.52216204e-05 2.38512809e-09 4.49303337e-19
 1.12590232e-29]","[[1.12590232e-29 2.24651669e-19 1.13003933e-15 2.51785460e-15
  1.40319023e-15 3.86757197e-19 6.15066942e-29]
 [2.24651669e-19 2.38512583e-09 1.26108102e-05 2.89080824e-05
  1.65746755e-05 4.78582462e-09 3.86757197e-19]
 [1.13003933e-15 1.26108102e-05 5.42360185e-02 1.24388511e-01
  7.13539763e-02 1.65746755e-05 1.40319023e-15]
 [2.51785460e-15 2.89080824e-05 1.24388511e-01 2.51033580e-01
  1.24388511e-01 2.89080824e-05 2.51785460e-15]
 [1.40319023e-15 1.65746755e-05 7.13539763e-02 1.24388511e-01
  5.42360185e-02 1.26108102e-05 1.13003933e-15]
 [3.86757197e-19 4.78582462e-09 1.65746755e-05 2.89080824e-05
