1.1442811473814776,0.24008165548404403,0.7851088416663994,0.1495069209812504,"[4.83877108e-65 5.80652533e-64 3.19369426e-63 1.88719512e-05
 1.02604481e-04 4.89625980e-01 2.05050865e-02 4.89625980e-01
 1.02604481e-04 1.88719512e-05 3.19358891e-63 5.80652529e-64
 4.83877108e-65]","[4.83877108e-65 6.51341061e-64 3.20063418e-63 1.06832306e-62
 2.39571664e-62 3.83068656e-62 2.82306865e-12 3.25940795e-06
 1.03551477e-02 9.79283186e-01 1.03551477e-02 3.25940795e-06
 2.82306865e-12]","[[4.83877108e-65 3.61014796e-64 7.25815665e-64 9.67754220e-64
  7.25815666e-64 2.90326265e-64 4.83877108e-65]
 [2.90326265e-64 1.74900285e-63 4.35489401e-63 5.81092349e-63
  4.35826632e-63 1.74195759e-63 2.90326265e-64]
 [7.25815661e-64 4.39282816e-63 1.08872350e-62 1.44956978e-62
  2.03853166e-62 4.35489397e-63 7.25815661e-64]
 [9.67754215e-64 5.80737662e-63 1.45163133e-62 2.82306865e-12
  1.62970398e-06 5.13022406e-05 1.88719512e-05]
 [7.25815661e-64 4.35593576e-63 1.08872350e-62 1.62970398e-06
  1.02525432e-02 4.89622721e-01 5.13022406e-05]
 [2.90326265e-64 1.74206293e-63 4.35489399e-63 5.13022406e-05
  4.89622721e-01 1.02525432e-02 1.62970398e-06]
 [4.83877108e-65 2.90326268e-64 7.25815666e-64 1.88719512e-05
  5.13022406e-05 1.62970398e-06 2.82306865e-12]]","[3.92545537e-33 4.71054646e-32 2.59084325e-31 2.45181003e-03
 9.57459904e-03 4.15264468e-01 1.45418246e-01 4.15264468e-01
 9.57459904e-03 2.45181003e-03 2.59080055e-31 4.71054644e-32
 3.92545537e-33]","[3.92545537e-33 4.93379514e-32 2.59358391e-31 8.65030503e-31
 1.94324542e-30 3.10810554e-30 9.48163484e-07 1.46047635e-03
 8.22827739e-02 8.32511603e-01 8.22827739e-02 1.46047635e-03
 9.48163484e-07]","[[3.92545537e-33 2.57852192e-32 5.88818307e-32 7.85091076e-32
  5.88818307e-32 2.35527322e-32 3.92545537e-33]
 [2.35527322e-32 1.41594730e-31 3.53290985e-31 4.71165147e-31
  3.53426680e-31 1.41316393e-31 2.35527322e-32]
 [5.88818305e-32 3.54721303e-31 8.83227460e-31 1.17660370e-30
  9.62841952e-31 3.53290983e-31 5.88818305e-32]
 [7.85091074e-32 4.71089150e-31 1.17763661e-30 9.48163484e-07
  7.30238174e-04 4.78729952e-03 2.45181003e-03]
 [5.88818305e-32 3.53333083e-31 8.83227460e-31 7.30238174e-04
  7.27081748e-02 4.13803992e-01 4.78729952e-03]
 [2.35527322e-32 1.41320664e-31 3.53290984e-31 4.78729952e-03
  4.13803992e-01 7.27081748e-02 7.30238174e-04]
 [3.92545537e-33 2.35527324e-32 5.88818307e-32 2.45181003e-03
  4.78729952e-03 7.30238174e-04 9.48163484e-07]]"
1.2147476040663114,0.26584717894760856,0.7721448666172832,0.152334618604119,"[4.69153204e-65 5.62983920e-64 3.09658457e-63 1.69180164e-05
 1.71672385e-04 4.83156417e-01 3.33099852e-02 4.83156417e-01
 1.71672385e-04 1.69180164e-05 3.09641117e-63 5.62983845e-64
 4.69153204e-65]","[4.69153204e-65 5.68337883e-64 3.09967358e-63 1.04733721e-62
 2.31927073e-62 3.77217062e-62 1.11615827e-11 6.85150316e-06
 1.68266650e-02 9.66332967e-01 1.68266650e-02 6.85150316e-06
 1.11615827e-11]","[[4.69153204e-65 2.86845961e-64 7.03729813e-64 9.38306424e-64
  7.03729829e-64 2.81491922e-64 4.69153204e-65]
 [2.81491922e-64 1.69221396e-63 4.22237893e-63 5.59707748e-63
  4.82895320e-63 1.68895153e-63 2.81491922e-64]
 [7.03729806e-64 4.37438037e-63 1.05559472e-62 1.40317643e-62
  2.17360625e-62 4.22237884e-63 7.03729806e-64]
 [9.38306408e-64 5.63222292e-63 1.40745963e-62 1.11615827e-11
  3.42575158e-06 8.58361923e-05 1.69180164e-05]
 [7.03729806e-64 4.22340851e-63 1.05559472e-62 3.42575158e-06
  1.66549926e-02 4.83149566e-01 8.58361923e-05]
 [2.81491922e-64 1.68912495e-63 4.22237889e-63 8.58361923e-05
  4.83149566e-01 1.66549926e-02 3.42575158e-06]
 [4.69153204e-65 2.81491998e-64 7.03729817e-64 1.69180164e-05
  8.58361923e-05 3.42575158e-06 1.11615827e-11]]","[3.73145538e-33 4.47774676e-32 2.46282946e-31 2.24126201e-03
 1.16130203e-02 3.99106754e-01 1.74077927e-01 3.99106754e-01
 1.16130203e-02 2.24126201e-03 2.46276056e-31 4.47774645e-32
 3.73145538e-33]","[3.73145538e-33 4.49846396e-32 2.46404607e-31 8.25297003e-31
 1.84546932e-30 2.96368565e-30 1.82005202e-06 2.04801989e-03
 9.86501636e-02 7.98599993e-01 9.86501636e-02 2.04801989e-03
 1.82005202e-06]","[[3.73145538e-33 2.25959073e-32 5.59718310e-32 7.46291082e-32
  5.59718316e-32 2.23887323e-32 3.73145538e-33]
 [2.23887323e-32 1.34460945e-31 3.35830988e-31 4.46079020e-31
  3.46149104e-31 1.34332394e-31 2.23887323e-32]
 [5.59718307e-32 3.40207800e-31 8.39577465e-31 1.11745065e-30
  9.21843791e-31 3.35830984e-31 5.59718307e-32]
 [7.46291076e-32 4.47869171e-31 1.11943662e-30 1.82005202e-06
  1.02400995e-03 5.80651016e-03 2.24126201e-03]
 [5.59718307e-32 3.35871815e-31 8.39577466e-31 1.02400995e-03
  8.70371433e-02 3.97058734e-01 5.80651016e-03]
 [2.23887323e-32 1.34339284e-31 3.35830986e-31 5.80651016e-03
  3.97058734e-01 8.70371433e-02 1.02400995e-03]
 [3.73145538e-33 2.23887353e-32 5.59718311e-32 2.24126201e-03
  5.80651016e-03 1.02400995e-03 1.82005202e-06]]"
1.2858233218574338,0.29221028319105535,0.7585773755374385,0.15447813750685024,"[4.55757987e-65 5.46911445e-64 3.00802067e-63 1.51710484e-05
 2.70227229e-04 4.74315026e-01 5.07991522e-02 4.74315026e-01
 2.70227229e-04 1.51710484e-05 3.00800280e-63 5.46909584e-64
 4.55757987e-65]","[4.55757987e-65 5.66674187e-64 3.01049358e-63 1.00571220e-62
 2.25371093e-62 3.61698400e-62 3.56139732e-11 1.29989097e-05
 2.56698033e-02 9.48634395e-01 2.56698033e-02 1.29989097e-05
 3.56139732e-11]","[[4.55757987e-65 2.93219395e-64 6.83637024e-64 9.11516113e-64
  6.83637065e-64 2.73454792e-64 4.55757987e-65]
 [2.73454792e-64 1.64321957e-63 4.10182211e-63 5.44473166e-63
  4.20344886e-63 1.64072875e-63 2.73454792e-64]
 [6.83636981e-64 4.13226784e-63 1.02545553e-62 1.36441273e-62
  1.86201771e-62 4.10182188e-63 6.83636981e-64]
 [9.11515974e-64 5.47054829e-63 1.36727406e-62 3.56139732e-11
  6.49945483e-06 1.35113615e-04 1.51710484e-05]
 [6.83636981e-64 4.10261373e-63 1.02545555e-62 6.49945483e-06
  2.53995761e-02 4.74302027e-01 1.35113615e-04]
 [2.73454792e-64 1.64074665e-63 4.10182224e-63 1.35113615e-04
  4.74302027e-01 2.53995761e-02 6.49945483e-06]
 [4.55757987e-65 2.73456653e-64 6.83637034e-64 1.51710484e-05
  1.35113615e-04 6.49945483e-06 3.56139732e-11]]","[3.54939356e-33 4.25927952e-32 2.34260674e-31 2.04860469e-03
 1.37238181e-02 3.82838585e-01 2.02777984e-01 3.82838585e-01
 1.37238181e-02 2.04860469e-03 2.34259978e-31 4.25927228e-32
 3.54939356e-33]","[3.54939356e-33 4.32932378e-32 2.34356571e-31 7.82009537e-31
 1.75589318e-30 2.81283485e-30 3.13759748e-06 2.72712153e-03
 1.15109673e-01 7.64320137e-01 1.15109673e-01 2.72712153e-03
 3.13759748e-06]","[[3.54939356e-33 2.19968764e-32 5.32409052e-32 7.09878767e-32
  5.32409067e-32 2.12963614e-32 3.54939356e-33]
 [2.12963614e-32 1.27874762e-31 3.19445430e-31 4.24814092e-31
  3.22571714e-31 1.27778168e-31 2.12963614e-32]
 [5.32409035e-32 3.20588360e-31 7.98613577e-31 1.06337610e-30
  8.57391183e-31 3.19445421e-31 5.32409035e-32]
 [7.09878713e-32 4.25983704e-31 1.06481811e-30 3.13759748e-06
  1.36356076e-03 6.86190905e-03 2.04860469e-03]
 [5.32409035e-32 3.19476213e-31 7.98613582e-31 1.36356076e-03
  1.01385854e-01 3.80111464e-01 6.86190905e-03]
 [2.12963614e-32 1.27778865e-31 3.19445435e-31 6.86190905e-03
  3.80111464e-01 1.01385854e-01 1.36356076e-03]
 [3.54939356e-33 2.12964338e-32 5.32409055e-32 2.04860469e-03
  6.86190905e-03 1.36356076e-03 3.13759748e-06]]"
1.354562901556229,0.3187412873289741,0.7457333246127147,0.15652515392143207,"[3.95745611e-65 4.74894781e-64 2.61212150e-63 1.36641764e-05
 4.01100643e-04 4.63140414e-01 7.28896414e-02 4.63140414e-01
 4.01100643e-04 1.36641764e-05 2.61192119e-63 4.74894734e-64
 3.95745611e-65]","[3.95745611e-65 5.01969823e-64 2.62125131e-63 8.76662316e-63
 1.95963357e-62 3.13724534e-62 9.45220196e-11 2.24692812e-05
 3.68459213e-02 9.26263219e-01 3.68459213e-02 2.24692812e-05
 9.45220196e-11]","[[3.95745611e-65 2.64522456e-64 5.93618606e-64 7.91491519e-64
  5.93618573e-64 2.37447367e-64 3.95745611e-65]
 [2.37447367e-64 1.43401429e-63 3.56171179e-63 4.75256077e-63
  3.60877093e-63 1.42468420e-63 2.37447367e-64]
 [5.93618417e-64 3.62192863e-63 8.90427881e-63 1.18542524e-62
  2.46957347e-62 3.56171050e-63 5.93618417e-64]
 [7.91491223e-64 4.75225913e-63 1.18723722e-62 9.45220196e-11
  1.12346406e-05 2.00550322e-04 1.36641764e-05]
 [5.93618417e-64 3.56216318e-63 8.90427977e-63 1.12346406e-05
  3.64448206e-02 4.63117945e-01 2.00550322e-04]
 [2.37447367e-64 1.42488446e-63 3.56171203e-63 2.00550322e-04
  4.63117945e-01 3.64448206e-02 1.12346406e-05]
 [3.95745611e-65 2.37447414e-64 5.93618621e-64 1.36641764e-05
  2.00550322e-04 1.12346406e-05 9.45220196e-11]]","[3.19571806e-33 3.83486186e-32 2.10925477e-31 1.87897376e-03
 1.58415334e-02 3.67061241e-01 2.30436503e-01 3.67061241e-01
 1.58415334e-02 1.87897376e-03 2.10917398e-31 3.83486167e-32
 3.19571806e-33]","[3.19571806e-33 3.93004295e-32 2.11277299e-31 7.05251922e-31
 1.58212274e-30 2.53176854e-30 4.93886209e-06 3.46974189e-03
 1.31054846e-01 7.30940946e-01 1.31054846e-01 3.46974189e-03
 4.93886209e-06]","[[3.19571806e-33 2.01261211e-32 4.79357785e-32 6.39143731e-32
  4.79357772e-32 1.91743084e-32 3.19571806e-33]
 [1.91743084e-32 1.15405749e-31 2.87614677e-31 3.83595181e-31
  2.89191082e-31 1.15045850e-31 1.91743084e-32]
 [4.79357709e-32 2.89808510e-31 7.19036666e-31 9.57880398e-31
  7.97259662e-31 2.87614625e-31 4.79357709e-32]
 [6.39143612e-32 3.83619341e-31 9.58715574e-31 4.93886209e-06
  1.73487094e-03 7.92076669e-03 1.87897376e-03]
 [4.79357709e-32 2.87632873e-31 7.19036705e-31 1.73487094e-03
  1.15213313e-01 3.63591499e-01 7.92076669e-03]
 [1.91743084e-32 1.15053927e-31 2.87614687e-31 7.92076669e-03
  3.63591499e-01 1.15213313e-01 1.73487094e-03]
 [3.19571806e-33 1.91743103e-32 4.79357791e-32 1.87897376e-03
  7.92076669e-03 1.73487094e-03 4.93886209e-06]]"
1.4188472158941992,0.34512869986534755,0.7346986911863114,0.1590265803831179,"[4.44541094e-65 5.33450357e-64 2.93425983e-63 1.24126792e-05
 5.64280025e-04 4.49981833e-01 9.88829493e-02 4.49981833e-01
 5.64280025e-04 1.24126792e-05 2.93397124e-63 5.33449312e-64
 4.44541094e-65]","[4.44541094e-65 5.39583617e-64 2.95849708e-63 9.80299778e-63
 2.21162683e-62 3.52409092e-62 2.14389828e-10 3.57405140e-05
 5.00057545e-02 8.99917010e-01 5.00057545e-02 3.57405140e-05
 2.14389828e-10]","[[4.44541094e-65 2.72858961e-64 6.66811669e-64 8.89082256e-64
  6.66811660e-64 2.66724656e-64 4.44541094e-65]
 [2.66724656e-64 1.62487377e-63 4.00086998e-63 5.40481194e-63
  4.01394007e-63 1.60034794e-63 2.66724656e-64]
 [6.66811640e-64 4.02396336e-63 1.00021751e-62 1.33554805e-62
  1.17427779e-62 4.00086984e-63 6.66811640e-64]
 [8.89082187e-64 5.37565796e-63 1.33362333e-62 2.14389828e-10
  1.78702570e-05 2.82140012e-04 1.24126792e-05]
 [6.66811640e-64 4.00180601e-63 1.00021750e-62 1.78702570e-05
  4.94414744e-02 4.49946092e-01 2.82140012e-04]
 [2.66724656e-64 1.60063652e-63 4.00087000e-63 2.82140012e-04
  4.49946092e-01 4.94414744e-02 1.78702570e-05]
 [4.44541094e-65 2.66725701e-64 6.66811673e-64 1.24126792e-05
  2.82140012e-04 1.78702570e-05 2.14389828e-10]]","[3.27987429e-33 3.93585300e-32 2.16482333e-31 1.73486929e-03
 1.79154734e-02 3.52232662e-01 2.56233990e-01 3.52232662e-01
 1.79154734e-02 1.73486929e-03 2.16471704e-31 3.93584915e-32
 3.27987429e-33]","[3.27987429e-33 3.95775709e-32 2.17283899e-31 7.22388711e-31
 1.62694150e-30 2.59878727e-30 7.20283273e-06 4.24375963e-03
 1.46025265e-01 6.99447544e-01 1.46025265e-01 4.24375963e-03
 7.20283273e-06]","[[3.27987429e-33 1.98983251e-32 4.91981154e-32 6.55974883e-32
  4.91981151e-32 1.96792457e-32 3.27987429e-33]
 [1.96792457e-32 1.18887669e-31 2.95188691e-31 3.95613483e-31
  2.95641300e-31 1.18075474e-31 1.96792457e-32]
 [4.91981143e-32 2.96005045e-31 7.37971732e-31 9.84602019e-31
  7.67156712e-31 2.95188686e-31 4.91981143e-32]
 [6.55974858e-32 3.94960056e-31 9.83962305e-31 7.20283273e-06
  2.12187982e-03 8.95773670e-03 1.73486929e-03]
 [4.91981143e-32 2.95223159e-31 7.37971732e-31 2.12187982e-03
  1.28109792e-01 3.47988903e-01 8.95773670e-03]
 [1.96792457e-32 1.18086103e-31 2.95188692e-31 8.95773670e-03
  3.47988903e-01 1.28109792e-01 2.12187982e-03]
 [3.27987429e-33 1.96792843e-32 4.91981155e-32 1.73486929e-03
  8.95773670e-03 2.12187982e-03 7.20283273e-06]]"
1.4776129761382144,0.371211169822496,0.7262166478818263,0.16242730684832152,"[4.11856894e-65 4.94228358e-64 2.71827447e-63 1.14153968e-05
 7.57599159e-04 4.35393440e-01 1.27675092e-01 4.35393440e-01
 7.57599159e-04 1.14153968e-05 2.71825551e-63 4.94228273e-64
 4.11856894e-65]","[4.11856894e-65 5.25024452e-64 2.77480327e-63 9.07583924e-63
 2.03814080e-62 3.27037640e-62 4.25614880e-10 5.28501075e-05
 6.45951446e-02 8.70704010e-01 6.45951446e-02 5.28501075e-05
 4.25614880e-10]","[[4.11856894e-65 2.77910316e-64 6.17785352e-64 8.23713819e-64
  6.17785356e-64 2.47114136e-64 4.11856894e-65]
 [2.47114136e-64 1.53923258e-63 3.70671216e-63 4.93130355e-63
  3.72015453e-63 1.48268482e-63 2.47114136e-64]
 [6.17785341e-64 3.72169947e-63 9.26678034e-63 1.24251608e-62
  2.92966942e-62 3.70671204e-63 6.17785341e-64]
 [8.23713788e-64 4.94775341e-63 1.23557071e-62 4.25614880e-10
  2.64250538e-05 3.78799580e-04 1.14153968e-05]
 [6.17785341e-64 3.70851323e-63 9.26678039e-63 2.64250538e-05
  6.38375455e-02 4.35340589e-01 3.78799580e-04]
 [2.47114136e-64 1.48270377e-63 3.70671218e-63 3.78799580e-04
  4.35340589e-01 6.38375455e-02 2.64250538e-05]
 [4.11856894e-65 2.47114222e-64 6.17785356e-64 1.14153968e-05
  3.78799580e-04 2.64250538e-05 4.25614880e-10]]","[3.06558660e-33 3.67870424e-32 2.02329422e-31 1.61648049e-03
 1.99147197e-02 3.38629112e-01 2.79679376e-01 3.38629112e-01
 1.99147197e-02 1.61648049e-03 2.02328716e-31 3.67870392e-32
 3.06558660e-33]","[3.06558660e-33 3.77744001e-32 2.04004477e-31 6.74972911e-31
 1.51683353e-30 2.43036397e-30 9.85482282e-06 5.01793536e-03
 1.59744553e-01 6.70455314e-01 1.59744553e-01 5.01793536e-03
 9.85482282e-06]","[[3.06558660e-33 1.93808805e-32 4.59837994e-32 6.13117331e-32
  4.59837996e-32 1.83935196e-32 3.06558660e-33]
 [1.83935196e-32 1.12036878e-31 2.75902798e-31 3.67037072e-31
  2.76386464e-31 1.10361118e-31 1.83935196e-32]
 [4.59837990e-32 2.76446648e-31 6.89756993e-31 9.21544865e-31
  7.71941541e-31 2.75902794e-31 4.59837990e-32]
 [6.13117320e-32 3.68071863e-31 9.19675990e-31 9.85482282e-06
  2.50896768e-03 9.95735984e-03 1.61648049e-03]
 [4.59837990e-32 2.75969611e-31 6.89756995e-31 2.50896768e-03
  1.39829833e-01 3.33611177e-01 9.95735984e-03]
 [1.83935196e-32 1.10361823e-31 2.75902799e-31 9.95735984e-03
  3.33611177e-01 1.39829833e-01 2.50896768e-03]
 [3.06558660e-33 1.83935228e-32 4.59837996e-32 1.61648049e-03
  9.95735984e-03 2.50896768e-03 9.85482282e-06]]"
1.5307351101072135,0.39697389613893663,0.7207149464465702,0.16705884799484938,"[4.10057510e-65 4.92069084e-64 2.70644304e-63 1.06590784e-05
 9.78005283e-04 4.19984441e-01 1.58053790e-01 4.19984441e-01
 9.78005283e-04 1.06590784e-05 2.70637961e-63 4.92069012e-64
 4.10057510e-65]","[4.10057510e-65 4.97725144e-64 2.78456036e-63 9.05706789e-63
 2.03777309e-62 3.29180603e-62 7.54887406e-10 7.33607097e-05
 8.00048994e-02 8.39843478e-01 8.00048994e-02 7.33607097e-05
 7.54887406e-10]","[[4.10057510e-65 2.51690638e-64 6.15086304e-64 8.20115083e-64
  6.15086305e-64 2.46034506e-64 4.10057510e-65]
 [2.46034506e-64 1.55438779e-63 3.69051782e-63 4.99640734e-63
  4.12721013e-63 1.47620704e-63 2.46034506e-64]
 [6.15086265e-64 3.72631997e-63 9.22629441e-63 1.23044024e-62
  1.25411857e-62 3.69051759e-63 6.15086265e-64]
 [8.20115020e-64 4.92485663e-63 1.23017259e-62 7.54887406e-10
  3.66803549e-05 4.89002641e-04 1.06590784e-05]
 [6.15086265e-64 3.69265286e-63 9.22629452e-63 3.66803549e-05
  7.90268941e-02 4.19911080e-01 4.89002641e-04]
 [2.46034506e-64 1.47627047e-63 3.69051781e-63 4.89002641e-04
  4.19911080e-01 7.90268941e-02 3.66803549e-05]
 [4.10057510e-65 2.46034578e-64 6.15086305e-64 1.06590784e-05
  4.89002641e-04 3.66803549e-05 7.54887406e-10]]","[2.97870490e-33 3.57444614e-32 1.96596828e-31 1.52239987e-03
 2.18264997e-02 3.26362150e-01 3.00577900e-01 3.26362150e-01
 2.18264997e-02 1.52239987e-03 1.96594525e-31 3.57444588e-32
 2.97870490e-33]","[2.97870490e-33 3.59433670e-32 1.98712069e-31 6.56528973e-31
 1.47672311e-30 2.36654110e-30 1.27804511e-05 5.76466828e-03
 1.72102669e-01 6.44239764e-01 1.72102669e-01 5.76466828e-03
 1.27804511e-05]","[[2.97870490e-33 1.80711376e-32 4.46805749e-32 5.95741002e-32
  4.46805749e-32 1.78722294e-32 2.97870490e-33]
 [1.78722294e-32 1.09350921e-31 2.68083449e-31 3.59558327e-31
  2.75498301e-31 1.07233376e-31 1.78722294e-32]
 [4.46805735e-32 2.69297326e-31 6.70208617e-31 8.93526149e-31
  7.13456385e-31 2.68083441e-31 4.46805735e-32]
 [5.95740979e-32 3.57595017e-31 8.93611491e-31 1.27804511e-05
  2.88233414e-03 1.09132499e-02 1.52239987e-03]
 [4.46805735e-32 2.68160703e-31 6.70208622e-31 2.88233414e-03
  1.50276170e-01 3.20597482e-01 1.09132499e-02]
 [1.78722294e-32 1.07235680e-31 2.68083449e-31 1.09132499e-02
  3.20597482e-01 1.50276170e-01 2.88233414e-03]
 [2.97870490e-33 1.78722320e-32 4.46805749e-32 1.52239987e-03
  1.09132499e-02 2.88233414e-03 1.27804511e-05]]"
1.5787362696518064,0.4225225521825138,0.7183936991259122,0.17316600547537675,"[4.00191350e-65 4.80230867e-64 2.64130784e-63 1.01237416e-05
 1.22274436e-03 4.04294726e-01 1.88944812e-01 4.04294726e-01
 1.22274436e-03 1.01237416e-05 2.64126316e-63 4.80229620e-64
 4.00191350e-65]","[4.00191350e-65 4.87476843e-64 2.64714339e-63 8.86095818e-63
 1.98439399e-62 3.18470491e-62 1.21663390e-09 9.64166212e-05
 9.56951491e-02 8.08416866e-01 9.56951491e-02 9.64166212e-05
 1.21663390e-09]","[[4.00191350e-65 2.47362033e-64 6.00287073e-64 8.00382755e-64
  6.00287275e-64 2.40114810e-64 4.00191350e-65]
 [2.40114810e-64 1.44656929e-63 3.60172256e-63 4.82614257e-63
  3.74886313e-63 1.44068886e-63 2.40114810e-64]
 [6.00287025e-64 3.65847016e-63 9.00430711e-63 1.20095053e-62
  1.13019718e-62 3.60172215e-63 6.00287025e-64]
 [8.00382701e-64 4.81291589e-63 1.20057427e-62 1.21663390e-09
  4.82083106e-05 6.11372178e-04 1.01237416e-05]
 [6.00287025e-64 3.60270834e-63 9.00430692e-63 4.82083106e-05
  9.44724047e-02 4.04198309e-01 6.11372178e-04]
 [2.40114810e-64 1.44073376e-63 3.60172300e-63 6.11372178e-04
  4.04198309e-01 9.44724047e-02 4.82083106e-05]
 [4.00191350e-65 2.40116057e-64 6.00287055e-64 1.01237416e-05
  6.11372178e-04 4.82083106e-05 1.21663390e-09]]","[2.87286768e-33 3.44744569e-32 1.89610879e-31 1.45036441e-03
 2.36511681e-02 3.15422971e-01 3.18950993e-01 3.15422971e-01
 2.36511681e-02 1.45036441e-03 1.89609276e-31 3.44744122e-32
 2.87286768e-33]","[2.87286768e-33 3.47237748e-32 1.89815629e-31 6.33796134e-31
 1.42323390e-30 2.27895007e-30 1.58402390e-05 6.46058901e-03
 1.83110824e-01 6.20825493e-01 1.83110824e-01 6.46058901e-03
 1.58402390e-05]","[[2.87286768e-33 1.74865687e-32 4.30930169e-32 5.74573556e-32
  4.30930242e-32 1.72372061e-32 2.87286768e-33]
 [1.72372061e-32 1.03629597e-31 2.58558106e-31 3.45533893e-31
  2.62081339e-31 1.03423237e-31 1.72372061e-32]
 [4.30930152e-32 2.60323319e-31 6.46395290e-31 8.61940513e-31
  6.73904619e-31 2.58558091e-31 4.30930152e-32]
 [5.74573536e-32 3.45118682e-31 8.61860385e-31 1.58402390e-05
  3.23029451e-03 1.18255840e-02 1.45036441e-03]
 [4.30930152e-32 2.58593426e-31 6.46395284e-31 3.23029451e-03
  1.59459656e-01 3.08962382e-01 1.18255840e-02]
 [1.72372061e-32 1.03424848e-31 2.58558122e-31 1.18255840e-02
  3.08962382e-01 1.59459656e-01 3.23029451e-03]
 [2.87286768e-33 1.72372508e-32 4.30930163e-32 1.45036441e-03
  1.18255840e-02 3.23029451e-03 1.58402390e-05]]"
1.6224872121211302,0.44805085587508553,0.719319273352185,0.18094273910127479,"[3.73594369e-65 4.48339652e-64 2.46581026e-63 9.78721741e-06
 1.49009799e-03 3.88728081e-01 2.19544067e-01 3.88728081e-01
 1.49009799e-03 9.78721741e-06 2.46572313e-63 4.48313243e-64
 3.73594369e-65]","[3.73594369e-65 4.54449032e-64 2.47758328e-63 8.42718266e-63
 1.85033517e-62 2.97093729e-62 1.80579299e-09 1.20834614e-04
 1.11262129e-01 7.77234068e-01 1.11262129e-01 1.20834614e-04
 1.80579299e-09]","[[3.73594369e-65 2.30292410e-64 5.60391591e-64 7.47188784e-64
  5.60391851e-64 2.24156622e-64 3.73594369e-65]
 [2.24156622e-64 1.35680013e-63 3.36234963e-63 4.48530462e-63
  3.47684208e-63 1.34493973e-63 2.24156622e-64]
 [5.60391554e-64 3.57045551e-63 8.40587430e-63 1.12120187e-62
  2.42496315e-62 3.36234932e-63 5.60391554e-64]
 [7.47188739e-64 4.49138942e-63 1.12078324e-62 1.80579299e-09
  6.04173071e-05 7.45048996e-04 9.78721741e-06]
 [5.60391554e-64 3.36436650e-63 8.40587408e-63 6.04173071e-05
  1.09772032e-01 3.88607247e-01 7.45048996e-04]
 [2.24156622e-64 1.34502710e-63 3.36234985e-63 7.45048996e-04
  3.88607247e-01 1.09772032e-01 6.04173071e-05]
 [3.73594369e-65 2.24183030e-64 5.60391602e-64 9.78721741e-06
  7.45048996e-04 6.04173071e-05 1.80579299e-09]]","[2.71569842e-33 3.25893407e-32 1.79239272e-31 1.39782062e-03
 2.53967329e-02 3.05729658e-01 3.34951577e-01 3.05729658e-01
 2.53967329e-02 1.39782062e-03 1.79236106e-31 3.25883810e-32
 2.71569842e-33]","[2.71569842e-33 3.28052675e-32 1.79651764e-31 6.02101088e-31
 1.34462170e-30 2.15394009e-30 1.88805812e-05 7.08579212e-03
 1.92853641e-01 6.00083373e-01 1.92853641e-01 7.08579212e-03
 1.88805812e-05]","[[2.71569842e-33 1.65110770e-32 4.07354776e-32 5.43139700e-32
  4.07354871e-32 1.62941905e-32 2.71569842e-33]
 [1.62941905e-32 9.81808099e-32 2.44412869e-31 3.25940589e-31
  2.47321740e-31 9.77651431e-32 1.62941905e-32]
 [4.07354763e-32 2.49060281e-31 6.11032180e-31 8.14834658e-31
  7.01139580e-31 2.44412858e-31 4.07354763e-32]
 [5.43139684e-32 3.26177970e-31 8.14709572e-31 1.88805812e-05
  3.54289606e-03 1.26983665e-02 1.39782062e-03]
 [4.07354763e-32 2.44485740e-31 6.11032172e-31 3.54289606e-03
  1.67456908e-01 2.98643866e-01 1.26983665e-02]
 [1.62941905e-32 9.77683177e-32 2.44412877e-31 1.26983665e-02
  2.98643866e-01 1.67456908e-01 3.54289606e-03]
 [2.71569842e-33 1.62951502e-32 4.07354780e-32 1.39782062e-03
  1.26983665e-02 3.54289606e-03 1.88805812e-05]]"
1.6629805458911258,0.47381158935886614,0.7234982256772099,0.19056331201272436,"[1.66378983e-65 1.99654847e-64 1.09810807e-63 9.62795935e-06
 1.77965127e-03 3.73537961e-01 2.49345519e-01 3.73537961e-01
 1.77965127e-03 9.62795935e-06 1.09810185e-63 1.99654780e-64
 1.66378983e-65]","[1.66378983e-65 2.08843550e-64 1.11308344e-63 3.67378276e-63
 8.43734849e-63 1.32972638e-62 2.49325157e-09 1.45185656e-04
 1.26452408e-01 7.46804807e-01 1.26452408e-01 1.45185656e-04
 2.49325157e-09]","[[1.66378983e-65 1.09016160e-64 2.49568530e-64 3.32758113e-64
  2.49569038e-64 9.98273899e-65 1.66378983e-65]
 [9.98273899e-65 6.13946440e-64 1.49741126e-63 2.08549232e-63
  1.59455150e-63 5.98964339e-64 9.98273899e-65]
 [2.49568475e-64 1.51085542e-63 3.74352806e-63 5.01288845e-63
  1.35828590e-62 1.49741085e-63 2.49568475e-64]
 [3.32757966e-64 2.10919059e-63 4.99137082e-63 2.49325157e-09
  7.25928278e-05 8.89825636e-04 9.62795935e-06]
 [2.49568475e-64 1.49879829e-63 3.74352836e-63 7.25928278e-05
  1.24672757e-01 3.73392775e-01 8.89825636e-04]
 [9.98273899e-65 5.98970954e-64 1.49741164e-63 8.89825636e-04
  3.73392775e-01 1.24672757e-01 7.25928278e-05]
 [1.66378983e-65 9.98274576e-65 2.49568643e-64 9.62795935e-06
  8.89825636e-04 7.25928278e-05 2.49325157e-09]]","[1.77597806e-33 2.13117403e-32 1.17214914e-31 1.36227014e-03
 2.70744452e-02 2.97164952e-01 3.48796666e-01 2.97164952e-01
 2.70744452e-02 1.36227014e-03 1.17214582e-31 2.13117367e-32
 1.77597806e-33]","[1.77597806e-33 2.17485487e-32 1.17911634e-31 3.91384023e-31
 8.84519112e-31 1.41095378e-30 2.17405944e-05 7.62253871e-03
 2.01451038e-01 5.81809366e-01 2.01451038e-01 7.62253871e-03
 2.17405944e-05]","[[1.77597806e-33 1.10926804e-32 2.66396738e-32 3.55195690e-32
  2.66397009e-32 1.06558683e-32 1.77597806e-33]
 [1.06558683e-32 6.46322889e-32 1.59838047e-31 2.15211285e-31
  1.63196149e-31 6.39352100e-32 1.06558683e-32]
 [2.66396709e-32 1.60506846e-31 3.99595113e-31 5.33740998e-31
  4.61372740e-31 1.59838025e-31 2.66396709e-32]
 [3.55195611e-32 2.16433342e-31 5.32793488e-31 2.17405944e-05
  3.81126936e-03 1.35372226e-02 1.36227014e-03]
 [2.66396709e-32 1.59911408e-31 3.99595129e-31 3.81126936e-03
  1.74376593e-01 2.89542413e-01 1.35372226e-02]
 [1.06558683e-32 6.39355631e-32 1.59838068e-31 1.35372226e-02
  2.89542413e-01 1.74376593e-01 3.81126936e-03]
 [1.77597806e-33 1.06558720e-32 2.66396799e-32 1.36227014e-03
  1.35372226e-02 3.81126936e-03 2.17405944e-05]]"
1.7011902774466727,0.5000933709726627,0.7309250257069139,0.20220316515265746,"[3.43044630e-65 4.11670118e-64 2.26421028e-63 9.62602480e-06
 2.09224047e-03 3.58845204e-01 2.78105858e-01 3.58845204e-01
 2.09224047e-03 9.62602480e-06 2.26409468e-63 4.11653556e-64
 3.43044630e-65]","[3.43044630e-65 4.27521778e-64 2.27009413e-63 7.64061329e-63
 1.70789916e-62 2.71993065e-62 3.22456319e-09 1.67854308e-04
 1.41145166e-01 7.17373952e-01 1.41145166e-01 1.67854308e-04
 3.22456319e-09]","[[3.43044630e-65 2.21695001e-64 5.14567035e-64 6.86089456e-64
  5.14567069e-64 2.05826778e-64 3.43044630e-65]
 [2.05826778e-64 1.24096015e-63 3.08740271e-63 4.19582069e-63
  3.12563957e-63 1.23496067e-63 2.05826778e-64]
 [5.14566945e-64 3.18103186e-63 7.71850679e-63 1.02812455e-62
  1.60397383e-62 3.08740167e-63 5.14566945e-64]
 [6.86089259e-64 4.13553013e-63 1.02913419e-62 3.22456319e-09
  8.39271539e-05 1.04612023e-03 9.62602480e-06]
 [5.14566945e-64 3.08942592e-63 7.71850658e-63 8.39271539e-05
  1.39052926e-01 3.58677350e-01 1.04612023e-03]
 [2.05826778e-64 1.23507628e-63 3.08740364e-63 1.04612023e-03
  3.58677350e-01 1.39052926e-01 8.39271539e-05]
 [3.43044630e-65 2.05843340e-64 5.14567059e-64 9.62602480e-06
  1.04612023e-03 8.39271539e-05 3.22456319e-09]]","[2.50188036e-33 3.00231682e-32 1.65128322e-31 1.34143653e-03
 2.86957955e-02 2.89601800e-01 3.60721937e-01 2.89601800e-01
 2.86957955e-02 1.34143653e-03 1.65124108e-31 3.00225643e-32
 2.50188036e-33]","[2.50188036e-33 3.05467070e-32 1.65338143e-31 5.53194150e-31
 1.24131192e-30 1.98233922e-30 2.42564182e-05 8.05399354e-03
 2.09032508e-01 5.65778485e-01 2.09032508e-01 8.05399354e-03
 2.42564182e-05]","[[2.50188036e-33 1.55354248e-32 3.75282087e-32 5.00376143e-32
  3.75282099e-32 1.50112821e-32 2.50188036e-33]
 [1.50112821e-32 9.02817293e-32 2.25169270e-31 3.02473534e-31
  2.26415259e-31 9.00676929e-32 1.50112821e-32]
 [3.75282054e-32 2.27949659e-31 5.62923176e-31 7.50094413e-31
  6.10001811e-31 2.25169232e-31 3.75282054e-32]
 [5.00376071e-32 3.00858795e-31 7.50564216e-31 2.42564182e-05
  4.02699677e-03 1.43478978e-02 1.34143653e-03]
 [3.75282054e-32 2.25242771e-31 5.62923168e-31 4.02699677e-03
  1.80336712e-01 2.81547806e-01 1.43478978e-02]
 [1.50112821e-32 9.00719071e-32 2.25169304e-31 1.43478978e-02
  2.81547806e-01 1.80336712e-01 4.02699677e-03]
 [2.50188036e-33 1.50118860e-32 3.75282095e-32 1.34143653e-03
  1.43478978e-02 4.02699677e-03 2.42564182e-05]]"
1.6629805458911222,0.47381158935886325,0.7234982256772052,0.19056331201272037,"[3.68075306e-65 4.41690454e-64 2.42937719e-63 9.62795935e-06
 1.77965127e-03 3.73537961e-01 2.49345519e-01 3.73537961e-01
 1.77965127e-03 9.62795935e-06 2.42929713e-63 4.41690367e-64
 3.68075306e-65]","[3.68075306e-65 4.51886171e-64 2.45035117e-63 8.21597209e-63
 1.82299168e-62 2.92491910e-62 2.49325157e-09 1.45185656e-04
 1.26452408e-01 7.46804807e-01 1.26452408e-01 1.45185656e-04
 2.49325157e-09]","[[3.68075306e-65 2.31040988e-64 5.52112969e-64 7.36150633e-64
  5.52113071e-64 2.20845183e-64 3.68075306e-65]
 [2.20845183e-64 1.34612525e-63 3.31267796e-63 4.41518978e-63
  3.38489813e-63 1.32507110e-63 2.20845183e-64]
 [5.52112958e-64 3.43099289e-63 8.28169460e-63 1.10647754e-62
  2.20770924e-62 3.31267775e-63 5.52112958e-64]
 [7.36150611e-64 4.42880642e-63 1.10422596e-62 2.49325157e-09
  7.25928278e-05 8.89825636e-04 9.62795935e-06]
 [5.52112958e-64 3.31556748e-63 8.28169462e-63 7.25928278e-05
  1.24672757e-01 3.73392775e-01 8.89825636e-04]
 [2.20845183e-64 1.32515127e-63 3.31267784e-63 8.89825636e-04
  3.73392775e-01 1.24672757e-01 7.25928278e-05]
 [3.68075306e-65 2.20845271e-64 5.52112964e-64 9.62795935e-06
  8.89825636e-04 7.25928278e-05 2.49325157e-09]]","[2.64153703e-33 3.16984475e-32 1.74344320e-31 1.36227014e-03
 2.70744452e-02 2.97164952e-01 3.48796666e-01 2.97164952e-01
 2.70744452e-02 1.36227014e-03 1.74341448e-31 3.16984444e-32
 2.64153703e-33]","[2.64153703e-33 3.20424042e-32 1.75032760e-31 5.84356531e-31
 1.30786801e-30 2.09489919e-30 2.17405944e-05 7.62253871e-03
 2.01451038e-01 5.81809366e-01 2.01451038e-01 7.62253871e-03
 2.17405944e-05]","[[2.64153703e-33 1.61931820e-32 3.96230558e-32 5.28307414e-32
  3.96230595e-32 1.58492222e-32 2.64153703e-33]
 [1.58492222e-32 9.57866485e-32 2.37738340e-31 3.16879947e-31
  2.39726068e-31 9.50953331e-32 1.58492222e-32]
 [3.96230555e-32 2.40956709e-31 5.94345840e-31 7.93172459e-31
  6.65511973e-31 2.37738333e-31 3.96230555e-32]
 [5.28307406e-32 3.17396108e-31 7.92461125e-31 2.17405944e-05
  3.81126936e-03 1.35372226e-02 1.36227014e-03]
 [3.96230555e-32 2.37841089e-31 5.94345841e-31 3.81126936e-03
  1.74376593e-01 2.89542413e-01 1.35372226e-02]
 [1.58492222e-32 9.50982086e-32 2.37738336e-31 1.35372226e-02
  2.89542413e-01 1.74376593e-01 3.81126936e-03]
 [2.64153703e-33 1.58492253e-32 3.96230557e-32 1.36227014e-03
  1.35372226e-02 3.81126936e-03 2.17405944e-05]]"
1.6224872121211347,0.4480508558750893,0.71931927335219,0.18094273910127812,"[3.82558171e-65 4.59070103e-64 2.52500343e-63 9.78721741e-06
 1.49009799e-03 3.88728081e-01 2.19544067e-01 3.88728081e-01
 1.49009799e-03 9.78721741e-06 2.52488814e-63 4.59069806e-64
 3.82558171e-65]","[3.82558171e-65 4.62675270e-64 2.75996509e-63 8.44527352e-63
 1.89464901e-62 3.25068551e-62 1.80579299e-09 1.20834614e-04
 1.11262129e-01 7.77234068e-01 1.11262129e-01 1.20834614e-04
 1.80579299e-09]","[[3.82558171e-65 2.33140367e-64 5.73840867e-64 7.65148635e-64
  5.73841470e-64 2.29534903e-64 3.82558171e-65]
 [2.29534903e-64 1.61228697e-63 3.44304158e-63 4.59438582e-63
  5.68073848e-63 1.37720942e-63 2.29534903e-64]
 [5.73837257e-64 3.47196697e-63 8.60762319e-63 1.14449699e-62
  2.45178181e-62 3.44302354e-63 5.73837257e-64]
 [7.65116343e-64 4.59680233e-63 1.14768274e-62 1.80579299e-09
  6.04173071e-05 7.45048996e-04 9.78721741e-06]
 [5.73837257e-64 3.44524948e-63 8.60767395e-63 6.04173071e-05
  1.09772032e-01 3.88607247e-01 7.45048996e-04]
 [2.29534903e-64 1.37732713e-63 3.44306425e-63 7.45048996e-04
  3.88607247e-01 1.09772032e-01 6.04173071e-05]
 [3.82558171e-65 2.29535200e-64 5.73839045e-64 9.78721741e-06
  7.45048996e-04 6.04173071e-05 1.80579299e-09]]","[2.74808474e-33 3.29770275e-32 1.81377882e-31 1.39782062e-03
 2.53967329e-02 3.05729658e-01 3.34951577e-01 3.05729658e-01
 2.53967329e-02 1.39782062e-03 1.81373744e-31 3.29770168e-32
 2.74808474e-33]","[2.74808474e-33 3.31037686e-32 1.86035954e-31 6.05542195e-31
 1.36064659e-30 2.19392499e-30 1.88805812e-05 7.08579212e-03
 1.92853641e-01 6.00083373e-01 1.92853641e-01 7.08579212e-03
 1.88805812e-05]","[[2.74808474e-33 1.66152601e-32 4.12214007e-32 5.49628543e-32
  4.12214223e-32 1.64885084e-32 2.74808474e-33]
 [1.64885084e-32 1.03593282e-31 2.47328274e-31 3.29898252e-31
  2.66083827e-31 9.89310505e-32 1.64885084e-32]
 [4.12212710e-32 2.48289372e-31 6.18321375e-31 8.23028952e-31
  6.77053173e-31 2.47327626e-31 4.12212710e-32]
 [5.49616947e-32 3.29984266e-31 8.24428373e-31 1.88805812e-05
  3.54289606e-03 1.26983665e-02 1.39782062e-03]
 [4.12212710e-32 2.47406820e-31 6.18323196e-31 3.54289606e-03
  1.67456908e-01 2.98643866e-01 1.26983665e-02]
 [1.64885084e-32 9.89352760e-32 2.47329088e-31 1.26983665e-02
  2.98643866e-01 1.67456908e-01 3.54289606e-03]
 [2.74808474e-33 1.64885191e-32 4.12213352e-32 1.39782062e-03
  1.26983665e-02 3.54289606e-03 1.88805812e-05]]"
1.5787362696518055,0.42252255218251356,0.7183936991259137,0.1731660054753772,"[3.92774490e-65 4.71334575e-64 2.59237078e-63 1.01237416e-05
 1.22274436e-03 4.04294726e-01 1.88944812e-01 4.04294726e-01
 1.22274436e-03 1.01237416e-05 2.59232418e-63 4.71329388e-64
 3.92774490e-65]","[3.92774490e-65 4.78194039e-64 2.60340199e-63 8.67482726e-63
 1.95113719e-62 3.11681667e-62 1.21663390e-09 9.64166212e-05
 9.56951491e-02 8.08416866e-01 9.56951491e-02 9.64166212e-05
 1.21663390e-09]","[[3.92774490e-65 2.42529345e-64 5.89162302e-64 7.85588125e-64
  5.89174278e-64 2.35664694e-64 3.92774490e-65]
 [2.35664694e-64 1.42507795e-63 3.53515358e-63 4.77970763e-63
  3.63590410e-63 1.41398816e-63 2.35664694e-64]
 [5.89161735e-64 3.56853657e-63 8.83777179e-63 1.17415601e-62
  1.60508799e-62 3.53497041e-63 5.89161735e-64]
 [7.85548979e-64 4.71555645e-63 1.17836961e-62 1.21663390e-09
  4.82083106e-05 6.11372178e-04 1.01237416e-05]
 [5.89161735e-64 3.53567693e-63 8.83788843e-63 4.82083106e-05
  9.44724047e-02 4.04198309e-01 6.11372178e-04]
 [2.35664694e-64 1.41402338e-63 3.53516611e-63 6.11372178e-04
  4.04198309e-01 9.44724047e-02 4.82083106e-05]
 [3.92774490e-65 2.35669881e-64 5.89185668e-64 1.01237416e-05
  6.11372178e-04 4.82083106e-05 1.21663390e-09]]","[2.84612134e-33 3.41536440e-32 1.87846151e-31 1.45036441e-03
 2.36511681e-02 3.15422971e-01 3.18950993e-01 3.15422971e-01
 2.36511681e-02 1.45036441e-03 1.87844463e-31 3.41534561e-32
 2.84612134e-33]","[2.84612134e-33 3.43921952e-32 1.88227502e-31 6.27311427e-31
 1.41092769e-30 2.25459784e-30 1.58402390e-05 6.46058901e-03
 1.83110824e-01 6.20825493e-01 1.83110824e-01 6.46058901e-03
 1.58402390e-05]","[[2.84612134e-33 1.73154671e-32 4.26918406e-32 5.69238446e-32
  4.26922745e-32 1.70767280e-32 2.84612134e-33]
 [1.70767280e-32 1.02843842e-31 2.56157549e-31 3.43537510e-31
  2.58757237e-31 1.02460368e-31 1.70767280e-32]
 [4.26918201e-32 2.57307606e-31 6.40389801e-31 8.51657594e-31
  6.82322453e-31 2.56150920e-31 4.26918201e-32]
 [5.69224268e-32 3.41616283e-31 8.53853071e-31 1.58402390e-05
  3.23029451e-03 1.18255840e-02 1.45036441e-03]
 [4.26918201e-32 2.56176484e-31 6.40394004e-31 3.23029451e-03
  1.59459656e-01 3.08962382e-01 1.18255840e-02]
 [1.70767280e-32 1.02461644e-31 2.56158002e-31 1.18255840e-02
  3.08962382e-01 1.59459656e-01 3.23029451e-03]
 [2.84612134e-33 1.70769160e-32 4.26926871e-32 1.45036441e-03
  1.18255840e-02 3.23029451e-03 1.58402390e-05]]"
1.5307351101072166,0.39697389613893974,0.7207149464465747,0.1670588479948536,"[3.99512136e-65 4.79414731e-64 2.63700058e-63 1.06590784e-05
 9.78005283e-04 4.19984441e-01 1.58053790e-01 4.19984441e-01
 9.78005283e-04 1.06590784e-05 2.63682709e-63 4.79414564e-64
 3.99512136e-65]","[3.99512136e-65 4.84672375e-64 2.77881215e-63 8.89280696e-63
 1.97838682e-62 3.19647681e-62 7.54887406e-10 7.33607097e-05
 8.00048994e-02 8.39843478e-01 8.00048994e-02 7.33607097e-05
 7.54887406e-10]","[[3.99512136e-65 2.44965093e-64 5.99271786e-64 7.99033672e-64
  5.99315191e-64 2.39707282e-64 3.99512136e-65]
 [2.39707282e-64 1.58027216e-63 3.59575467e-63 4.79540024e-63
  3.94449439e-63 1.43824369e-63 2.39707282e-64]
 [5.99268205e-64 3.69899434e-63 8.98963232e-63 1.19577493e-62
  2.43539760e-62 3.59560923e-63 5.99268205e-64]
 [7.99024273e-64 4.80025228e-63 1.19862479e-62 7.54887406e-10
  3.66803549e-05 4.89002641e-04 1.06590784e-05]
 [5.99268205e-64 3.59686197e-63 8.98971618e-63 3.66803549e-05
  7.90268941e-02 4.19911080e-01 4.89002641e-04]
 [2.39707282e-64 1.43828202e-63 3.59595004e-63 4.89002641e-04
  4.19911080e-01 7.90268941e-02 3.66803549e-05]
 [3.99512136e-65 2.39707449e-64 5.99450351e-64 1.06590784e-05
  4.89002641e-04 3.66803549e-05 7.54887406e-10]]","[2.94015403e-33 3.52818545e-32 1.94058271e-31 1.52239987e-03
 2.18264997e-02 3.26362150e-01 3.00577900e-01 3.26362150e-01
 2.18264997e-02 1.52239987e-03 1.94051894e-31 3.52818483e-32
 2.94015403e-33]","[2.94015403e-33 3.54697160e-32 1.97414347e-31 6.49824803e-31
 1.45552183e-30 2.33358854e-30 1.27804511e-05 5.76466828e-03
 1.72102669e-01 6.44239764e-01 1.72102669e-01 5.76466828e-03
 1.27804511e-05]","[[2.94015403e-33 1.78287918e-32 4.41024422e-32 5.88034264e-32
  4.41040389e-32 1.76409242e-32 2.94015403e-33]
 [1.76409242e-32 1.09209594e-31 2.64619208e-31 3.52719062e-31
  2.70784210e-31 1.05845545e-31 1.76409242e-32]
 [4.41023104e-32 2.67599088e-31 6.61556972e-31 8.80784099e-31
  7.42945550e-31 2.64613862e-31 4.41023104e-32]
 [5.88030806e-32 3.53039444e-31 8.82078516e-31 1.27804511e-05
  2.88233414e-03 1.09132499e-02 1.52239987e-03]
 [4.41023104e-32 2.64659867e-31 6.61560030e-31 2.88233414e-03
  1.50276170e-01 3.20597482e-01 1.09132499e-02]
 [1.76409242e-32 1.05846955e-31 2.64626372e-31 1.09132499e-02
  3.20597482e-01 1.50276170e-01 2.88233414e-03]
 [2.94015403e-33 1.76409303e-32 4.41090050e-32 1.52239987e-03
  1.09132499e-02 2.88233414e-03 1.27804511e-05]]"
1.4776129761382233,0.37121116982250335,0.7262166478818358,0.16242730684832796,"[4.33067333e-65 5.19681002e-64 2.85834413e-63 1.14153968e-05
 7.57599159e-04 4.35393440e-01 1.27675092e-01 4.35393440e-01
 7.57599159e-04 1.14153968e-05 2.85824646e-63 5.19680800e-64
 4.33067333e-65]","[4.33067333e-65 5.31893538e-64 2.88409727e-63 9.56128791e-63
 2.14664804e-62 3.43630150e-62 4.25614880e-10 5.28501075e-05
 6.45951446e-02 8.70704010e-01 6.45951446e-02 5.28501075e-05
 4.25614880e-10]","[[4.33067333e-65 2.72053138e-64 6.49601433e-64 8.66135059e-64
  6.49603057e-64 2.59840400e-64 4.33067333e-65]
 [2.59840400e-64 1.58489484e-63 3.89761674e-63 5.22139813e-63
  3.95845248e-63 1.55904240e-63 2.59840400e-64]
 [6.49601000e-64 3.93140145e-63 9.74404396e-63 1.29942468e-62
  1.07700030e-62 3.89760600e-63 6.49601000e-64]
 [8.66134667e-64 5.20183426e-63 1.29920708e-62 4.25614880e-10
  2.64250538e-05 3.78799580e-04 1.14153968e-05]
 [6.49601000e-64 3.89856414e-63 9.74405226e-63 2.64250538e-05
  6.38375455e-02 4.35340589e-01 3.78799580e-04]
 [2.59840400e-64 1.55914058e-63 3.89762164e-63 3.78799580e-04
  4.35340589e-01 6.38375455e-02 2.64250538e-05]
 [4.33067333e-65 2.59840602e-64 6.49602545e-64 1.14153968e-05
  3.78799580e-04 2.64250538e-05 4.25614880e-10]]","[3.14353378e-33 3.77224127e-32 2.07476847e-31 1.61648049e-03
 1.99147197e-02 3.38629112e-01 2.79679376e-01 3.38629112e-01
 1.99147197e-02 1.61648049e-03 2.07473304e-31 3.77224054e-32
 3.14353378e-33]","[3.14353378e-33 3.81382385e-32 2.08308840e-31 6.92737669e-31
 1.55701217e-30 2.49159270e-30 9.85482282e-06 5.01793536e-03
 1.59744553e-01 6.70455314e-01 1.59744553e-01 5.01793536e-03
 9.85482282e-06]","[[3.14353378e-33 1.92770358e-32 4.71530224e-32 6.28706899e-32
  4.71530814e-32 1.88612027e-32 3.14353378e-33]
 [1.88612027e-32 1.14002811e-31 2.82918430e-31 3.78004346e-31
  2.84803598e-31 1.13167216e-31 1.88612027e-32]
 [4.71530067e-32 2.84077874e-31 7.07296152e-31 9.43051973e-31
  7.23292416e-31 2.82918040e-31 4.71530067e-32]
 [6.28706756e-32 3.77405582e-31 9.43061977e-31 9.85482282e-06
  2.50896768e-03 9.95735984e-03 1.61648049e-03]
 [4.71530067e-32 2.82952742e-31 7.07296453e-31 2.50896768e-03
  1.39829833e-01 3.33611177e-01 9.95735984e-03]
 [1.88612027e-32 1.13170778e-31 2.82918608e-31 9.95735984e-03
  3.33611177e-01 1.39829833e-01 2.50896768e-03]
 [3.14353378e-33 1.88612100e-32 4.71530628e-32 1.61648049e-03
  9.95735984e-03 2.50896768e-03 9.85482282e-06]]"
1.4188472158942003,0.3451286998653509,0.734698691186314,0.15902658038312234,"[4.46624549e-65 5.35950238e-64 2.94798635e-63 1.24126792e-05
 5.64280025e-04 4.49981833e-01 9.88829493e-02 4.49981833e-01
 5.64280025e-04 1.24126792e-05 2.94773011e-63 5.35949459e-64
 4.46624549e-65]","[4.46624549e-65 5.53337383e-64 2.96939036e-63 9.96921060e-63
 2.22511646e-62 3.53636658e-62 2.14389828e-10 3.57405140e-05
 5.00057545e-02 8.99917010e-01 5.00057545e-02 3.57405140e-05
 2.14389828e-10]","[[4.46624549e-65 2.85362654e-64 6.69937692e-64 8.93251150e-64
  6.69944914e-64 2.67974729e-64 4.46624549e-65]
 [2.67974729e-64 1.62951585e-63 4.01962846e-63 5.49848100e-63
  4.04026793e-63 1.60784838e-63 2.67974729e-64]
 [6.69936824e-64 4.16308189e-63 1.00490801e-62 1.33687169e-62
  2.55338182e-62 4.01962094e-63 6.69936824e-64]
 [8.93249098e-64 5.36372177e-63 1.33987890e-62 2.14389828e-10
  1.78702570e-05 2.82140012e-04 1.24126792e-05]
 [6.69936824e-64 4.01994246e-63 1.00491014e-62 1.78702570e-05
  4.94414744e-02 4.49946092e-01 2.82140012e-04]
 [2.67974729e-64 1.60810873e-63 4.01963081e-63 2.82140012e-04
